bpm,180.0
offset,210
0;5,0,4;0
0;5,2,4;1
0;6,0,4;2
0;6,2,4;0
0;7,0,4;3
0;7,2,4;2
0;8,0,4;1
0;8,2,4;0
0;9,0,4;3
0;9,2,4;1
0;10,0,4;2
0;10,2,4;0
0;11,0,4;3
0;11,2,4;1
0;12,0,4;3
0;12,2,4;2
0;13,0,4;0
0;13,2,4;1
0;14,0,4;2
0;14,2,4;0
0;15,0,4;3
0;15,2,4;2
0;16,0,4;0
0;16,2,4;1
0;17,0,4;3
0;17,2,4;1
0;18,0,4;3
0;18,2,4;2
0;19,0,4;0
0;19,2,4;3
0;20,0,4;1
0;20,2,4;2
1;21,0,4;22,0,4;0
1;21,0,4;22,0,4;1
1;21,0,4;22,0,4;3
0;22,0,4;2
1;22,2,4;24,0,4;0
1;22,2,4;24,0,4;1
1;22,2,4;24,0,4;3
0;24,0,4;2
0;24,2,4;0
0;24,3,4;1
0;25,0,4;0
0;25,0,4;2
0;25,0,4;3
1;25,2,4;26,0,4;1
1;25,2,4;26,0,4;2
1;25,2,4;26,0,4;3
0;26,0,4;0
1;26,2,4;27,0,4;0
1;26,2,4;27,2,4;1
1;26,2,4;27,2,4;2
1;27,2,4;28,2,4;0
1;27,2,4;28,2,4;3
0;28,2,4;1
1;29,0,4;30,0,4;0
1;29,0,4;30,0,4;2
1;29,0,4;30,0,4;3
0;30,0,4;1
1;30,2,4;32,0,4;0
1;30,2,4;32,0,4;2
1;30,2,4;32,0,4;3
0;32,0,4;1
0;32,2,4;3
0;32,3,4;2
1;33,0,4;36,2,4;0
0;33,0,4;1
1;33,0,4;36,2,4;3
0;34,0,4;1
0;34,1,4;2
0;34,2,4;1
0;34,3,4;2
0;35,0,4;1
0;35,1,4;2
0;35,2,4;1
0;35,3,4;2
0;36,0,4;1
0;36,1,4;2
0;36,2,4;1
0;36,3,4;2
0;37,0,4;0
0;37,0,4;1
0;37,0,4;3
0;37,2,4;0
0;38,0,4;0
0;38,0,4;2
0;38,2,4;0
0;39,0,4;0
0;39,0,4;3
0;39,2,4;0
0;40,0,4;0
0;40,0,4;2
0;40,2,4;0
0;41,0,4;1
0;41,0,4;3
0;41,2,4;1
0;42,0,4;1
0;42,0,4;2
0;42,2,4;1
0;43,0,4;1
0;43,0,4;3
0;43,2,4;1
0;44,0,4;1
0;44,0,4;2
0;44,2,4;1
0;45,0,4;0
0;45,0,4;3
0;45,2,4;3
0;46,0,4;1
0;46,0,4;3
0;46,2,4;3
0;47,0,4;0
0;47,0,4;3
0;47,2,4;3
0;48,0,4;1
0;48,0,4;3
0;48,2,4;3
0;49,0,4;0
0;49,0,4;2
0;49,2,4;2
0;50,0,4;1
0;50,0,4;2
0;50,2,4;2
0;51,0,4;0
0;51,0,4;2
0;51,2,4;2
1;52,0,4;52,2,4;0
1;52,0,4;52,2,4;2
1;52,0,4;52,2,4;3
0;52,2,4;1
0;53,0,4;0
0;53,0,4;2
0;53,0,4;3
0;53,1,4;1
0;53,2,4;2
0;53,2,4;3
0;53,3,4;0
0;54,0,4;1
0;54,0,4;3
0;54,1,4;2
0;54,2,4;0
0;54,2,4;3
0;54,3,4;1
0;55,0,4;0
0;55,0,4;2
0;55,1,4;1
0;55,2,4;2
0;55,2,4;3
0;55,3,4;0
0;56,0,4;1
0;56,0,4;3
0;56,1,4;2
0;56,2,4;0
0;56,2,4;3
0;56,3,4;1
0;57,0,4;0
0;57,0,4;2
0;57,1,4;3
0;57,2,4;1
0;57,2,4;2
0;57,3,4;0
0;58,0,4;1
0;58,0,4;3
0;58,1,4;2
0;58,2,4;0
0;58,2,4;3
0;58,3,4;1
0;59,0,4;0
0;59,0,4;2
0;59,1,4;3
0;59,2,4;1
0;59,2,4;2
0;59,3,4;0
0;60,0,4;1
0;60,0,4;3
0;60,1,4;2
0;60,2,4;0
0;60,2,4;3
0;60,3,4;2
0;61,0,4;0
0;61,0,4;1
0;61,1,4;2
0;61,1,4;3
0;61,2,4;0
0;61,2,4;1
0;61,3,4;2
0;61,3,4;3
0;62,0,4;0
0;62,0,4;1
0;62,1,4;2
0;62,1,4;3
0;62,2,4;0
0;62,2,4;1
0;62,3,4;2
0;62,3,4;3
1;63,0,16;63,1,16;0
0;63,0,4;1
1;63,4,16;63,5,16;3
1;63,8,16;63,9,16;0
1;63,12,16;63,13,16;3
1;64,0,4;65,0,4;0
0;64,1,4;1
0;64,2,4;2
0;64,3,4;1
0;65,0,4;2
0;65,0,4;3
1;69,0,4;70,0,4;0
1;69,0,4;70,0,4;2
1;69,0,4;70,0,4;3
1;70,0,8;71,0,8;1
1;70,4,8;71,0,8;2
0;71,0,4;0
0;71,0,4;3
0;71,2,4;2
1;72,0,4;72,3,4;0
1;72,0,4;72,3,4;3
0;72,4,8;1
1;73,0,4;74,0,4;0
1;73,0,4;74,0,4;3
0;73,2,4;2
0;74,0,4;1
1;74,2,4;75,0,4;0
0;75,0,4;1
0;75,0,4;2
0;75,0,4;3
1;75,2,4;76,0,4;1
1;76,0,4;76,2,4;0
0;76,0,4;2
1;76,0,4;76,2,4;3
0;76,2,4;1
0;76,3,4;2
1;77,0,4;78,0,4;0
1;77,0,4;78,0,4;1
1;77,0,4;78,0,4;3
1;78,0,4;79,0,4;2
1;78,2,4;79,0,4;1
0;79,0,6;0
0;79,0,6;3
0;79,2,4;1
1;80,0,4;80,3,4;0
1;80,0,4;80,3,4;3
0;80,2,4;2
1;81,0,4;82,0,4;0
1;81,0,4;82,0,4;3
0;81,2,4;1
0;82,0,4;2
1;82,2,4;83,0,4;0
0;83,0,4;1
0;83,0,4;2
0;83,0,4;3
1;83,2,4;84,0,4;2
1;84,0,4;84,2,4;0
0;84,0,4;1
1;84,0,4;84,2,4;3
0;84,2,4;2
0;84,3,4;1
1;85,0,4;86,0,4;0
1;85,0,4;86,0,4;2
1;85,0,4;86,0,4;3
1;86,0,288;87,0,288;1
1;86,144,288;87,0,288;2
0;87,0,288;0
0;87,0,288;3
0;87,144,288;2
1;88,0,288;88,216,288;0
1;88,0,288;88,216,288;3
0;88,144,288;1
1;89,0,288;90,0,288;0
1;89,0,288;90,0,288;3
0;89,144,288;2
0;90,0,288;1
1;90,144,288;91,0,288;2
0;91,0,4;0
0;91,0,288;1
0;91,0,288;3
1;91,144,288;92,0,288;1
1;92,0,288;92,144,288;0
0;92,0,288;2
1;92,0,288;92,144,288;3
0;92,144,288;1
0;92,216,288;2
1;93,0,4;94,0,4;0
1;93,0,4;94,0,4;1
1;93,0,4;94,0,4;3
1;94,0,288;95,0,288;2
1;94,144,288;95,0,288;1
0;95,0,288;0
0;95,0,288;3
0;95,144,288;1
1;96,0,4;97,0,4;0
0;96,0,4;2
0;96,0,4;3
0;96,2,4;1
0;97,0,4;2
0;97,0,288;3
0;97,1,4;1
0;97,2,4;2
0;97,2,4;3
0;97,3,4;1
0;98,0,288;0
0;98,0,4;3
0;98,1,4;2
0;98,2,4;0
0;98,2,4;3
0;98,3,4;2
0;99,0,4;0
0;99,0,4;1
0;99,1,4;2
0;99,2,4;0
0;99,2,4;1
0;99,3,4;2
0;100,0,4;0
0;100,0,4;3
0;100,1,4;1
0;100,2,4;0
0;100,2,4;3
0;100,3,4;2
1;101,0,288;102,0,288;0
1;101,0,4;102,0,4;1
1;101,0,288;102,0,288;3
1;102,0,4;103,0,4;2
1;102,2,4;103,0,4;1
0;103,0,288;0
0;103,0,288;3
0;103,144,288;2
1;104,0,288;104,216,288;0
1;104,0,4;104,3,4;1
0;104,144,288;3
1;105,0,288;106,0,288;0
1;105,0,288;106,0,288;1
0;105,144,288;2
0;106,0,4;3
1;106,144,288;107,0,288;1
0;107,0,288;0
0;107,0,288;2
0;107,0,288;3
1;107,144,288;108,0,288;2
1;108,0,288;108,144,288;0
0;108,0,288;1
1;108,0,288;108,144,288;3
0;108,144,288;2
0;108,216,288;1
1;109,0,288;110,0,288;0
1;109,0,288;110,0,288;2
1;109,0,288;110,0,288;3
1;110,0,288;111,0,288;1
1;110,144,288;111,0,288;2
0;111,0,288;0
0;111,0,288;3
0;111,144,288;1
1;112,0,288;112,216,288;2
1;112,0,288;112,216,288;3
0;112,144,288;0
1;113,0,288;114,0,288;2
1;113,0,288;114,0,288;3
0;113,144,288;1
0;114,0,288;0
0;114,2,4;1
0;114,2,4;2
0;114,2,4;3
0;115,0,288;0
0;115,0,288;2
0;115,0,288;3
0;115,3,4;0
0;115,3,4;2
0;115,3,4;3
0;116,2,4;0
0;116,144,288;2
0;116,2,4;3
1;117,0,288;118,0,288;0
1;117,0,4;118,0,4;1
1;117,0,288;118,0,288;3
1;118,0,288;119,0,288;2
1;118,144,288;119,0,288;1
0;119,0,288;0
0;119,0,288;3
0;119,144,288;2
1;120,0,4;121,0,4;0
1;120,0,4;121,0,4;1
0;120,144,288;2
1;121,0,4;122,0,4;2
1;121,0,288;122,0,288;3
0;121,2,4;0
0;122,0,288;1
1;122,144,288;123,0,288;0
0;123,0,288;1
0;123,0,288;2
0;123,0,288;3
1;123,144,288;124,0,288;1
1;124,0,288;124,144,288;0
0;124,0,288;2
1;124,0,288;124,144,288;3
0;124,144,288;1
0;124,216,288;2
1;125,0,288;126,0,288;0
1;125,0,288;126,0,288;1
1;125,0,288;126,0,288;3
1;126,0,4;127,0,4;2
1;126,2,4;127,0,4;1
0;127,0,288;0
0;127,0,288;3
0;127,144,288;2
1;128,0,4;129,0,4;0
1;128,0,4;129,0,4;3
0;128,144,288;2
0;129,0,4;1
0;129,0,4;2
0;129,144,288;1
0;129,3,4;2
0;130,0,4;0
0;130,0,4;3
0;130,2,4;1
0;130,2,4;3
0;131,0,4;0
0;131,0,4;2
0;131,1,4;1
0;131,2,4;2
0;131,2,4;3
0;132,0,4;0
0;132,0,4;1
0;132,0,4;3
0;133,0,4;0
0;133,0,4;2
0;133,0,4;3
0;133,2,4;1
0;134,0,4;3
0;134,2,4;0
0;135,0,4;1
0;135,0,4;2
0;135,0,4;3
0;135,2,4;0
0;136,0,4;2
0;136,2,4;1
0;137,0,4;0
0;137,0,4;3
0;137,2,4;2
0;138,0,4;1
0;138,2,4;3
0;139,0,4;0
0;139,0,4;1
0;139,0,4;2
0;139,2,4;3
0;140,0,4;0
0;140,2,4;1
0;141,0,4;0
0;141,0,4;3
0;141,2,4;2
0;142,0,4;0
0;142,2,4;3
0;143,0,4;0
0;143,0,4;1
0;143,0,4;2
0;143,2,4;3
0;144,0,4;0
0;144,2,4;2
0;145,0,4;1
0;145,0,4;3
0;145,2,4;0
0;146,0,4;3
0;146,2,4;1
0;147,0,4;0
0;147,0,4;2
0;147,0,4;3
0;147,2,4;1
0;148,0,4;0
0;148,2,4;1
0;148,2,4;2
0;148,2,4;3
0;149,0,4;0
0;149,2,4;3
0;150,0,4;1
0;150,2,4;2
0;151,0,4;0
0;151,0,4;1
0;151,0,4;3
0;151,2,4;2
0;152,0,4;0
0;152,2,4;1
0;153,0,4;0
0;153,0,4;3
0;153,2,4;2
0;154,0,4;0
0;154,2,4;3
0;155,0,4;0
0;155,0,4;1
0;155,0,4;2
0;155,2,4;3
0;156,0,4;0
0;156,0,4;2
0;156,2,4;1
0;156,2,4;2
0;156,2,4;3
0;157,0,4;0
0;157,2,4;3
0;158,0,4;1
0;158,2,4;2
0;159,0,4;0
0;159,0,4;1
0;159,0,4;3
0;159,2,4;2
0;160,0,4;3
0;160,2,4;1
0;161,0,4;0
0;161,0,4;2
0;161,2,4;3
0;162,0,4;1
0;162,2,4;2
0;163,0,4;0
0;163,0,4;1
0;163,0,4;3
0;163,2,4;2
0;164,0,4;1
0;164,2,4;1
0;165,0,4;0
0;165,0,4;2
0;165,0,4;3
0;165,2,4;1
0;166,0,4;3
0;166,2,4;0
0;167,0,4;1
0;167,0,4;2
0;167,0,4;3
0;167,2,4;0
0;168,0,288;2
0;168,144,288;1
0;169,0,288;0
0;169,0,288;3
0;169,144,288;2
0;170,0,288;1
0;170,144,288;3
0;171,0,288;0
0;171,0,288;1
0;171,0,288;2
0;171,144,288;3
0;172,0,288;0
0;172,144,288;1
0;173,0,288;0
0;173,0,288;3
0;173,144,288;2
0;174,0,288;0
0;174,144,288;3
0;175,0,288;0
0;175,0,288;1
0;175,0,288;2
0;175,144,288;3
0;176,0,288;0
0;176,144,288;2
0;177,0,288;1
0;177,0,288;3
0;177,144,288;0
0;178,0,288;3
0;178,144,288;1
0;179,0,288;0
0;179,0,288;2
0;179,0,288;3
0;179,144,288;1
0;180,0,288;0
0;180,144,288;1
0;180,144,288;2
0;180,144,288;3
0;181,0,288;0
0;181,144,288;3
0;182,0,288;1
0;182,144,288;2
0;183,0,288;0
0;183,0,288;1
0;183,0,288;3
0;183,144,288;2
0;184,0,288;0
0;184,144,288;1
0;185,0,288;0
0;185,0,288;3
0;185,144,288;2
0;186,0,288;0
0;186,144,288;3
0;187,0,288;0
0;187,0,288;1
0;187,0,288;2
0;187,144,288;3
0;188,0,288;0
0;188,0,288;2
0;188,144,288;1
0;188,144,288;2
0;188,144,288;3
0;189,2,4;0
0;190,2,4;1
0;191,0,4;3
0;191,2,4;2
0;192,0,4;1
0;192,2,4;0
0;193,2,4;2
0;194,0,4;1
0;194,2,4;3
0;195,0,4;0
0;195,2,4;1
1;196,0,4;197,0,4;2
0;197,0,4;0
0;197,0,4;1
0;197,0,4;3
0;197,2,4;2
0;198,0,4;1
0;198,2,4;3
0;199,0,4;0
0;199,2,4;1
0;200,0,4;2
0;200,2,4;3
0;201,0,4;0
0;201,2,4;2
0;202,0,4;1
0;202,2,4;3
0;203,0,4;0
0;203,2,4;2
0;204,0,4;1
0;204,2,4;2
0;205,0,4;3
0;205,2,4;2
0;206,0,4;1
0;206,2,4;3
0;207,0,4;0
0;207,2,4;1
0;208,0,4;3
0;208,2,4;2
0;209,0,4;0
0;209,2,4;2
0;210,0,4;1
0;210,2,4;2
0;211,0,4;0
0;211,2,4;2
1;212,0,4;213,0,4;0
0;212,0,4;3
0;212,2,4;1
0;213,0,4;3
0;213,1,4;2
0;213,2,4;1
0;213,3,4;2
0;214,0,4;3
0;214,1,4;2
0;214,2,4;1
0;214,3,4;0
0;215,0,4;3
0;215,1,4;1
0;215,2,4;2
0;215,3,4;1
0;216,0,4;0
0;216,1,4;1
0;216,2,4;2
0;216,3,4;3
0;217,0,4;0
0;217,1,4;2
0;217,2,4;1
0;217,3,4;2
0;218,0,4;0
0;218,1,4;1
0;218,2,4;2
0;218,3,4;3
0;219,0,4;0
0;219,1,4;1
0;219,2,4;2
0;219,3,4;1
0;220,0,4;3
0;220,1,4;2
0;220,2,4;1
0;220,3,4;0
0;221,0,4;3
0;221,1,4;1
0;221,2,4;2
0;221,3,4;0
0;222,0,4;3
0;222,1,4;2
0;222,2,4;0
0;222,3,4;1
0;223,0,4;2
0;223,1,4;0
0;223,2,4;2
0;223,3,4;1
0;224,0,4;2
0;224,1,4;3
0;224,2,4;2
0;224,3,4;1
0;225,0,4;0
0;225,1,4;3
0;225,2,4;1
0;225,3,4;2
0;226,0,4;0
0;226,1,4;3
0;226,2,4;2
0;226,3,4;0
0;227,0,4;1
0;227,1,4;3
0;227,2,4;1
0;227,3,4;2
0;228,0,4;1
0;228,1,4;0
0;228,2,4;1
0;228,3,4;2
0;229,0,4;0
0;229,0,4;1
0;229,0,4;3
0;229,1,4;2
0;229,2,4;1
0;229,3,4;2
0;230,0,4;0
0;230,0,4;3
0;230,1,4;1
0;230,2,4;2
0;230,3,4;3
0;231,0,4;0
0;231,0,4;2
0;231,1,4;1
0;231,2,4;2
0;231,3,4;1
0;232,0,4;0
0;232,0,4;3
0;232,1,4;2
0;232,2,4;1
0;232,3,4;0
0;233,0,4;1
0;233,0,4;3
0;233,1,4;2
0;233,2,4;0
0;233,3,4;2
0;234,0,4;1
0;234,0,4;3
0;234,1,4;2
0;234,2,4;0
0;234,3,4;2
0;235,0,4;1
0;235,0,4;3
0;235,1,4;2
0;235,2,4;0
0;235,3,4;2
0;236,0,4;1
0;236,0,4;3
0;236,1,4;2
0;236,2,4;0
0;236,3,4;2
0;237,0,4;1
0;237,0,4;3
0;237,1,4;0
0;237,2,4;1
0;237,3,4;2
0;238,0,4;0
0;238,0,4;3
0;238,1,4;1
0;238,2,4;2
0;238,3,4;1
0;239,0,4;0
0;239,0,4;3
0;239,1,4;2
0;239,2,4;1
0;239,3,4;0
0;240,0,4;1
0;240,0,4;3
0;240,1,4;2
0;240,2,4;1
0;240,3,4;2
0;241,0,4;0
0;241,0,4;3
0;241,1,4;1
0;241,2,4;2
0;241,3,4;1
0;242,0,4;0
0;242,0,4;3
0;242,1,4;1
0;242,2,4;2
0;242,3,4;1
0;243,0,4;0
0;243,0,4;3
0;243,1,4;2
0;243,2,4;1
0;243,3,4;2
1;244,0,8;244,1,8;0
1;244,0,8;244,1,8;1
1;244,0,8;244,1,8;3
0;244,1,4;2
0;244,2,4;3
0;244,3,4;1
0;245,0,288;0
0;245,0,288;2
0;245,0,288;3
0;245,72,288;1
0;245,144,288;2
0;245,144,288;3
0;245,216,288;0
0;246,0,288;1
0;246,0,288;3
0;246,72,288;2
0;246,144,288;0
0;246,144,288;3
0;246,216,288;1
0;247,0,288;0
0;247,0,288;2
0;247,72,288;1
0;247,144,288;2
0;247,144,288;3
0;247,216,288;0
0;248,0,288;1
0;248,0,288;3
0;248,72,288;2
0;248,144,288;0
0;248,144,288;3
0;248,216,288;1
0;249,0,288;0
0;249,0,288;2
0;249,72,288;3
0;249,144,288;1
0;249,144,288;2
0;249,216,288;0
0;250,0,288;1
0;250,0,288;3
0;250,72,288;2
0;250,144,288;0
0;250,144,288;3
0;250,216,288;1
0;251,0,288;0
0;251,0,288;2
0;251,72,288;3
0;251,144,288;1
0;251,144,288;2
0;251,216,288;0
0;252,0,288;1
0;252,0,288;3
0;252,72,288;2
0;252,144,288;0
0;252,144,288;3
0;252,216,288;2
0;253,0,288;0
0;253,0,288;1
0;253,72,288;2
0;253,72,288;3
0;253,144,288;0
0;253,144,288;1
0;253,216,288;2
0;253,216,288;3
0;254,0,288;0
0;254,0,288;1
0;254,72,288;2
0;254,72,288;3
0;254,144,288;0
0;254,144,288;1
0;254,216,288;2
0;254,216,288;3
1;255,0,288;255,18,288;0
0;255,0,288;1
1;255,72,288;255,90,288;3
1;255,144,288;255,162,288;0
1;255,216,288;255,234,288;3
1;256,0,288;257,0,288;0
0;256,72,288;1
0;256,144,288;2
0;256,216,288;1
0;257,0,288;2
0;257,0,288;3
1;261,0,4;261,3,4;0
1;261,0,4;261,3,4;2
1;261,0,4;261,3,4;3
0;262,0,4;0
0;262,0,4;2
0;262,0,4;3
0;262,1,4;1
0;262,2,4;2
0;262,3,4;1
0;263,0,4;0
0;263,0,4;3
0;263,1,4;1
0;263,2,4;2
0;263,3,4;1
0;264,0,4;0
0;264,0,4;3
0;264,1,4;2
0;264,2,4;1
0;264,3,4;2
0;265,0,4;0
0;265,0,4;3
0;265,1,4;2
0;265,2,4;1
0;265,3,4;2
0;266,0,4;0
0;266,0,4;3
0;266,1,4;1
0;266,2,4;2
0;266,3,4;1
0;267,0,4;0
0;267,0,4;3
0;267,1,4;2
0;267,2,4;1
0;267,3,4;2
0;268,0,4;0
0;268,0,4;3
0;268,1,4;2
0;268,2,4;0
0;268,2,4;1
0;268,3,4;2
0;268,3,4;3
0;269,0,4;0
0;269,1,4;1
0;269,2,4;2
0;269,3,4;3
0;270,0,4;0
0;270,0,4;2
0;270,1,4;1
0;270,2,4;2
0;270,3,4;1
0;271,0,4;0
0;271,0,4;3
0;271,1,4;1
0;271,2,4;2
0;271,3,4;1
0;272,0,4;0
0;272,0,4;3
0;272,1,4;2
0;272,2,4;1
0;272,3,4;2
0;273,0,4;0
0;273,0,4;3
0;273,1,4;2
0;273,2,4;1
0;273,3,4;2
0;274,0,4;0
0;274,0,4;3
0;274,1,4;1
0;274,2,4;2
0;274,3,4;1
0;275,0,4;0
0;275,0,4;3
0;275,1,4;2
0;275,2,4;1
0;275,3,4;2
0;276,0,4;0
0;276,0,4;3
0;276,1,4;2
0;276,2,4;0
0;276,2,4;1
0;276,3,4;2
1;277,0,4;277,3,4;0
1;277,0,4;277,3,4;1
1;277,0,4;277,3,4;3
0;278,0,4;0
0;278,0,4;1
0;278,0,4;3
0;278,1,4;2
0;278,2,4;0
0;278,2,4;1
0;278,3,4;2
0;279,0,4;0
0;279,0,4;3
0;279,1,4;2
0;279,2,4;0
0;279,2,4;1
0;279,3,4;2
0;280,0,4;0
0;280,0,4;3
0;280,1,4;1
0;280,2,4;2
0;280,2,4;3
0;280,3,4;1
0;281,0,4;0
0;281,0,4;3
0;281,1,4;1
0;281,2,4;2
0;281,2,4;3
0;281,3,4;1
0;282,0,4;0
0;282,0,4;3
0;282,1,4;2
0;282,2,4;0
0;282,2,4;1
0;282,3,4;2
0;283,0,4;0
0;283,0,4;3
0;283,1,4;1
0;283,2,4;2
0;283,2,4;3
0;283,3,4;0
0;284,0,4;1
0;284,0,4;3
0;284,1,4;2
0;284,2,4;0
0;284,2,4;1
0;284,3,4;2
0;284,3,4;3
0;285,0,4;0
0;285,0,4;1
0;285,1,4;2
0;285,2,4;0
0;285,2,4;1
0;285,3,4;2
0;286,0,4;0
0;286,0,4;3
0;286,1,4;1
0;286,2,4;2
0;286,2,4;3
0;286,3,4;1
0;287,0,4;0
0;287,0,4;3
0;287,1,4;2
0;287,2,4;0
0;287,2,4;1
0;287,3,4;2
0;288,0,4;0
0;288,0,4;3
0;288,1,4;2
0;288,2,4;0
0;288,2,4;1
0;288,3,4;2
1;289,0,4;289,2,4;0
0;289,0,4;1
0;289,0,4;3
1;289,2,4;290,0,4;1
1;290,0,4;290,2,4;3
1;290,2,4;291,0,4;2
1;291,0,4;291,2,4;1
1;291,2,4;292,0,4;0
1;292,0,4;292,2,4;2
1;292,2,4;293,0,4;1
1;293,0,4;293,3,4;0
1;293,0,4;293,3,4;2
1;293,0,4;293,3,4;3
0;294,0,4;0
0;294,0,4;2
0;294,0,4;3
0;294,1,4;1
0;294,2,4;2
0;294,2,4;3
0;294,3,4;1
0;295,0,4;0
0;295,0,4;2
0;295,1,4;3
0;295,2,4;0
0;295,2,4;1
0;295,3,4;2
0;296,0,4;0
0;296,0,4;3
0;296,1,4;1
0;296,2,4;2
0;296,2,4;3
0;296,3,4;0
0;297,0,4;1
0;297,0,4;3
0;297,1,4;2
0;297,2,4;0
0;297,2,4;1
0;297,3,4;2
0;298,0,4;0
0;298,0,4;3
0;298,1,4;2
0;298,2,4;0
0;298,2,4;1
0;298,3,4;3
0;299,0,4;0
0;299,0,4;2
0;299,1,4;1
0;299,2,4;2
0;299,2,4;3
0;299,3,4;0
0;300,0,4;1
0;300,0,4;3
0;300,1,4;2
0;300,2,4;0
0;300,2,4;1
0;300,3,4;2
0;300,3,4;3
0;301,0,4;0
0;301,0,4;1
0;301,1,4;2
0;301,2,4;0
0;301,2,4;1
0;301,3,4;2
0;302,0,4;0
0;302,0,4;3
0;302,1,4;1
0;302,2,4;2
0;302,2,4;3
0;302,3,4;0
0;303,0,4;1
0;303,0,4;3
0;303,1,4;2
0;303,2,4;0
0;303,2,4;1
0;303,3,4;2
0;304,0,4;0
0;304,0,4;3
0;304,1,4;1
0;304,2,4;2
0;304,2,4;3
0;304,3,4;0
0;305,0,4;1
0;305,0,4;3
0;305,1,4;2
0;305,2,4;0
0;305,2,4;1
0;305,3,4;2
0;306,0,4;0
0;306,0,4;3
0;306,1,4;2
0;306,2,4;0
0;306,2,4;1
0;306,3,4;2
0;307,0,4;1
0;307,0,4;3
0;307,1,4;0
0;307,2,4;2
0;307,2,4;3
0;307,3,4;1
0;308,0,4;0
0;308,0,4;3
0;308,1,4;2
0;308,2,4;0
0;308,2,4;1
0;308,2,4;3
0;308,3,4;2
1;309,0,4;309,3,4;0
1;309,0,4;309,3,4;1
1;309,0,4;309,3,4;3
0;310,0,288;0
0;310,0,288;1
0;310,0,4;3
0;310,72,288;2
0;310,144,288;0
0;310,144,288;1
0;310,216,288;2
0;311,0,288;0
0;311,0,288;3
0;311,72,288;1
0;311,144,288;2
0;311,144,288;3
0;311,216,288;0
0;312,0,288;1
0;312,0,288;3
0;312,72,288;2
0;312,144,288;0
0;312,144,288;1
0;312,216,288;2
0;313,0,288;0
0;313,0,288;3
0;313,72,288;1
0;313,144,288;2
0;313,144,288;3
0;313,216,288;0
0;314,0,288;1
0;314,0,288;3
0;314,72,288;2
0;314,144,288;0
0;314,144,288;1
0;314,216,288;2
0;315,0,288;0
0;315,0,288;3
0;315,72,288;2
0;315,144,288;0
0;315,144,288;1
0;315,216,288;2
0;316,0,288;1
0;316,0,288;3
0;316,72,288;0
0;316,144,288;2
0;316,144,288;3
0;316,216,288;1
0;317,0,288;0
0;317,0,288;2
0;317,72,288;3
0;317,2,4;0
0;317,2,4;1
0;317,3,4;2
0;318,0,4;0
0;318,0,4;3
0;318,1,4;1
0;318,2,4;2
0;318,2,4;3
0;318,3,4;1
0;319,0,4;0
0;319,0,4;3
0;319,1,4;1
0;319,2,4;2
0;319,2,4;3
0;319,3,4;1
0;320,0,4;0
0;320,0,4;2
0;320,0,4;3
1;321,0,4;322,0,4;0
0;321,0,4;2
0;321,0,4;3
0;321,2,4;1
0;321,3,4;2
0;322,0,4;1
0;322,2,4;0
0;322,2,4;2
1;322,2,4;323,2,4;3
0;323,0,4;1
0;323,1,4;2
0;323,2,4;0
0;323,3,4;1
0;324,0,4;0
0;324,0,4;2
0;324,1,4;3
0;324,2,4;2
0;324,3,4;1
1;325,0,4;325,3,4;0
1;325,0,4;325,3,4;2
1;325,0,4;325,3,4;3
0;326,0,4;0
0;326,0,4;2
0;326,0,4;3
0;326,2,4;0
0;326,2,4;2
0;326,3,4;1
0;327,0,4;2
0;327,0,4;3
0;327,1,4;1
0;327,2,4;0
0;327,2,4;2
0;327,2,4;3
0;328,0,4;0
0;328,0,4;1
0;328,1,4;2
0;328,2,4;1
0;328,2,4;3
0;329,0,4;2
0;329,0,4;3
0;329,2,4;0
0;329,2,4;1
0;330,0,4;1
0;330,0,4;2
0;330,0,4;3
0;330,2,4;0
0;330,2,4;3
0;330,3,4;1
0;331,0,4;0
0;331,0,4;2
0;331,1,4;1
0;331,2,4;0
0;331,2,4;2
0;331,2,4;3
0;332,0,4;0
0;332,0,4;1
0;332,1,4;2
0;332,2,4;0
0;332,2,4;3
0;332,3,4;1
1;333,0,4;333,3,4;0
1;333,0,4;333,3,4;2
1;333,0,4;333,3,4;3
0;334,0,4;0
0;334,0,4;2
0;334,0,4;3
0;334,2,4;0
0;334,2,4;3
0;334,3,4;2
0;335,0,4;0
0;335,0,4;1
0;335,1,4;2
0;335,2,4;0
0;335,2,4;1
0;335,2,4;3
0;336,0,4;2
0;336,0,4;3
0;336,1,4;1
0;336,2,4;0
0;336,2,4;2
0;336,2,4;3
0;337,0,4;1
0;337,0,4;2
0;337,2,4;0
0;337,2,4;3
0;338,0,4;0
0;338,0,4;2
0;338,0,4;3
0;338,2,4;1
0;338,2,4;2
0;338,3,4;0
0;339,0,4;1
0;339,0,4;3
0;339,1,4;2
0;339,2,4;0
0;339,2,4;1
0;339,2,4;3
0;340,0,4;1
0;340,0,4;2
0;340,2,4;0
0;340,2,4;3
1;341,0,4;341,3,4;0
1;341,0,4;341,3,4;2
1;341,0,4;341,3,4;3
0;342,0,4;0
0;342,0,4;2
0;342,0,4;3
0;342,2,4;0
0;342,2,4;2
0;342,3,4;1
0;343,0,4;0
0;343,0,4;3
0;343,1,4;2
0;343,2,4;0
0;343,2,4;1
0;343,2,4;3
0;344,0,4;0
0;344,0,4;2
0;344,1,4;1
0;344,2,4;2
0;344,2,4;3
0;345,0,4;0
0;345,0,4;1
0;345,0,4;3
0;345,2,4;1
0;345,2,4;2
0;346,0,4;0
0;346,0,4;2
0;346,0,4;3
0;346,2,4;0
0;346,2,4;3
0;346,3,4;1
0;347,0,4;0
0;347,0,4;3
0;347,1,4;2
0;347,2,4;0
0;347,2,4;1
0;347,2,4;3
0;348,0,4;2
0;348,0,4;3
0;348,1,4;1
0;348,2,4;0
0;348,2,4;2
0;348,3,4;1
1;349,0,4;349,3,4;0
1;349,0,4;349,3,4;2
1;349,0,4;349,3,4;3
0;350,0,4;0
0;350,0,4;2
0;350,0,4;3
0;350,2,4;0
0;350,2,4;3
0;350,3,4;1
0;351,0,4;2
0;351,0,4;3
0;351,1,4;1
0;351,2,4;0
0;351,2,4;2
0;351,2,4;3
0;352,0,4;0
0;352,0,4;2
0;352,1,4;1
0;352,2,4;0
1;352,2,4;352,3,4;2
1;352,2,4;353,0,4;3
0;353,0,4;0
0;353,0,4;1
0;353,1,4;2
0;353,2,4;0
0;353,2,4;1
0;353,3,4;2
0;354,0,4;0
0;354,0,4;3
0;354,1,4;1
0;354,2,4;0
0;354,2,4;3
0;354,3,4;1
0;355,0,4;2
0;355,0,4;3
0;355,1,4;1
0;355,2,4;2
0;355,2,4;3
0;355,3,4;1
0;356,0,4;0
0;356,0,4;3
0;356,1,4;2
0;356,2,4;0
0;356,2,4;3
0;356,3,4;1
1;357,0,288;357,216,288;0
1;357,0,288;357,216,288;2
1;357,0,288;357,216,288;3
0;358,0,288;0
0;358,0,288;2
0;358,0,288;3
0;358,144,288;0
0;358,144,288;2
0;358,216,288;1
0;359,0,288;2
0;359,0,288;3
0;359,72,288;1
0;359,144,288;0
0;359,144,288;2
0;359,144,288;3
0;360,0,288;0
0;360,0,288;1
0;360,72,288;2
0;360,144,288;1
0;360,144,288;3
0;361,0,288;2
0;361,0,288;3
0;361,144,288;0
0;361,144,288;1
0;362,0,288;1
0;362,0,288;2
0;362,0,288;3
0;362,144,288;0
0;362,2,4;3
0;362,216,288;1
0;363,0,288;0
0;363,0,288;2
0;363,72,288;1
0;363,144,288;0
0;363,144,288;2
0;363,144,288;3
0;364,0,288;0
0;364,0,288;1
0;364,72,288;2
0;364,2,4;0
0;364,144,288;3
0;364,216,288;1
1;365,0,288;365,216,288;0
1;365,0,288;365,216,288;2
1;365,0,288;365,216,288;3
0;366,0,288;0
0;366,0,288;2
0;366,0,288;3
0;366,144,288;0
0;366,2,4;3
0;366,216,288;2
0;367,0,288;0
0;367,0,288;1
0;367,72,288;2
0;367,144,288;0
0;367,144,288;1
0;367,144,288;3
0;368,0,288;2
0;368,0,288;3
0;368,72,288;1
0;368,144,288;0
0;368,144,288;2
0;368,144,288;3
0;369,0,288;0
0;369,0,288;1
0;369,144,288;2
0;369,144,288;3
0;370,0,288;0
0;370,0,288;1
0;370,0,288;3
0;370,2,4;0
0;370,144,288;1
0;370,3,4;2
0;371,0,4;0
0;371,0,4;1
0;371,0,4;3
0;371,2,4;2
0;371,3,4;0
0;371,3,4;1
0;371,3,4;3
0;372,1,4;0
0;372,2,4;1
0;372,2,4;2
0;372,2,4;3
1;373,0,288;373,216,288;0
1;373,0,288;373,216,288;2
1;373,0,288;373,216,288;3
0;374,0,288;0
0;374,0,288;2
0;374,0,288;3
0;374,144,288;0
0;374,2,4;2
0;374,216,288;1
0;375,0,288;0
0;375,0,288;3
0;375,72,288;2
0;375,144,288;0
0;375,144,288;1
0;375,144,288;3
0;376,0,288;0
0;376,0,288;2
0;376,72,288;1
0;376,144,288;2
0;376,144,288;3
0;377,0,288;0
0;377,0,288;1
0;377,0,288;3
0;377,144,288;1
0;377,144,288;2
0;378,0,288;0
0;378,0,288;2
0;378,0,288;3
0;378,144,288;0
0;378,2,4;1
0;378,216,288;2
0;379,0,288;0
0;379,0,288;3
0;379,72,288;1
0;379,144,288;0
0;379,144,288;2
0;379,144,288;3
0;380,0,288;0
0;380,0,288;1
0;380,72,288;2
0;380,144,288;1
0;380,144,288;3
0;380,3,4;0
1;381,0,4;382,0,4;1
1;381,0,4;382,0,4;2
1;381,0,4;382,0,4;3
0;382,0,288;0
0;382,2,4;0
0;383,2,4;3
0;384,2,4;1
0;385,2,4;2
1;387,0,4;389,0,4;0
0;387,0,4;1
1;388,0,4;389,0,4;1
0;388,0,4;2
0;389,0,4;2
0;389,0,4;3
0;389,2,4;0
0;389,2,4;1
0;390,0,4;0
0;390,0,4;2
0;390,0,4;3
0;390,2,4;1
0;390,3,4;2
0;391,0,4;0
0;391,0,4;3
0;391,1,4;1
0;391,2,4;0
0;391,2,4;2
0;391,2,4;3
0;392,0,4;1
0;392,1,4;2
0;392,2,4;0
0;392,2,4;3
0;392,3,4;2
0;393,0,4;0
0;393,0,4;1
0;393,2,4;2
0;393,2,4;3
0;394,0,4;0
0;394,0,4;1
0;394,0,4;3
0;394,2,4;2
0;394,3,4;1
0;395,0,4;0
0;395,0,4;3
0;395,1,4;1
0;395,2,4;0
0;395,2,4;2
0;395,2,4;3
0;396,0,4;1
0;396,1,4;2
0;396,2,4;0
0;396,2,4;3
0;396,3,4;2
0;397,0,4;0
0;397,0,4;1
0;397,2,4;2
0;397,2,4;3
0;398,0,4;0
0;398,0,4;1
0;398,0,4;3
0;398,2,4;2
0;398,3,4;1
0;399,0,4;0
0;399,0,4;3
0;399,1,4;2
0;399,2,4;0
0;399,2,4;1
0;399,2,4;3
0;400,0,4;2
0;400,1,4;1
0;400,2,4;0
0;400,2,4;3
0;400,3,4;1
0;401,0,4;0
0;401,0,4;2
0;401,0,4;3
0;401,2,4;1
0;401,3,4;2
0;402,0,4;0
0;402,0,4;3
0;402,1,4;2
0;402,2,4;0
0;402,2,4;1
0;402,2,4;3
0;403,0,4;2
0;403,1,4;1
0;403,2,4;0
0;403,2,4;2
0;403,3,4;3
1;404,0,4;405,0,4;0
1;404,0,4;405,0,4;1
0;404,0,4;2
0;405,0,288;2
0;405,0,288;3
0;405,144,288;0
0;405,144,288;1
0;406,0,288;0
0;406,0,288;2
0;406,0,288;3
0;406,144,288;1
0;406,216,288;2
0;407,0,288;0
0;407,0,288;3
0;407,72,288;1
0;407,144,288;0
0;407,144,288;2
0;407,144,288;3
0;408,0,288;1
0;408,72,288;2
0;408,144,288;0
0;408,144,288;3
0;408,216,288;2
0;409,0,288;0
0;409,0,288;1
0;409,144,288;2
0;409,144,288;3
0;410,0,288;0
0;410,0,288;1
0;410,0,288;3
0;410,144,288;2
0;410,216,288;1
0;411,0,288;0
0;411,0,288;3
0;411,72,288;1
0;411,144,288;0
0;411,144,288;2
0;411,144,288;3
0;412,0,288;1
0;412,72,288;2
0;412,144,288;0
0;412,144,288;3
0;412,216,288;2
0;413,0,288;0
0;413,0,288;1
0;413,2,4;2
0;413,2,4;3
0;414,0,4;0
0;414,0,4;1
0;414,0,4;3
0;414,2,4;2
0;414,3,4;1
0;415,0,4;0
0;415,0,4;3
0;415,1,4;2
0;415,2,4;0
0;415,2,4;1
0;415,2,4;3
0;416,0,4;0
0;416,1,4;1
0;416,2,4;0
0;416,2,4;2
0;416,2,4;3
0;417,0,4;1
0;417,0,4;2
0;417,0,4;3
0;417,2,4;1
0;417,3,4;2
0;418,0,4;0
0;418,0,4;3
0;418,1,4;2
0;418,2,4;0
0;418,2,4;1
0;418,2,4;3
0;419,0,4;2
0;419,1,4;1
0;419,2,4;2
0;419,2,4;3
0;419,3,4;1
1;420,0,4;420,3,4;0
1;420,0,4;420,3,4;2
1;420,0,4;420,3,4;3
0;421,0,4;0
0;421,0,288;2
0;421,0,288;3
0;421,144,288;1
0;421,144,288;2
0;422,0,288;0
0;422,0,288;1
0;422,0,288;3
0;422,144,288;2
0;422,3,4;1
0;423,0,288;0
0;423,0,288;3
0;423,72,288;1
0;423,144,288;0
0;423,144,288;2
0;423,144,288;3
0;424,0,288;1
0;424,72,288;2
0;424,144,288;0
0;424,144,288;3
0;424,216,288;2
0;425,0,288;0
0;425,0,288;1
0;425,144,288;2
0;425,144,288;3
0;426,0,288;0
0;426,0,288;1
0;426,0,288;3
0;426,144,288;2
0;426,216,288;1
0;427,0,288;0
0;427,0,288;3
0;427,72,288;1
0;427,144,288;0
0;427,144,288;2
0;427,144,288;3
0;428,0,288;1
0;428,72,288;2
0;428,144,288;0
0;428,144,288;3
0;428,216,288;2
0;429,0,288;0
0;429,0,288;1
0;429,2,4;1
0;429,2,4;2
0;430,0,4;0
0;430,0,4;2
0;430,0,4;3
0;430,2,4;1
0;430,3,4;2
0;431,0,4;0
0;431,0,4;3
0;431,1,4;1
0;431,2,4;0
0;431,2,4;2
0;431,2,4;3
0;432,0,4;1
0;432,1,4;2
0;432,1,4;3
0;432,2,4;1
0;432,3,4;2
0;432,3,4;3
0;433,0,4;0
0;433,0,4;1
0;433,2,4;1
0;433,2,4;2
0;434,0,4;0
0;434,0,4;2
0;434,0,4;3
0;434,2,4;0
0;434,3,4;1
0;435,0,4;2
0;435,0,4;3
0;435,1,4;1
0;435,2,4;0
0;435,2,4;2
0;435,2,4;3
0;436,0,4;1
0;436,1,4;2
0;436,2,4;0
0;436,2,4;3
0;436,3,4;2
0;437,0,4;0
0;437,0,4;1
0;437,0,4;3
0;437,2,4;1
0;437,2,4;2
0;438,0,4;0
0;438,0,4;2
0;438,0,4;3
0;438,2,4;1
0;438,3,4;2
0;439,0,4;0
0;439,0,4;3
0;439,1,4;1
0;439,2,4;0
0;439,2,4;2
0;439,2,4;3
0;440,0,4;1
0;440,1,4;2
0;440,2,4;0
0;440,2,4;3
0;440,3,4;2
0;441,0,4;0
0;441,0,4;1
0;441,2,4;1
0;441,2,4;2
0;442,0,4;0
0;442,0,4;2
0;442,0,4;3
0;442,2,4;1
0;442,3,4;2
0;443,0,4;0
0;443,0,4;3
0;443,1,4;1
0;443,2,4;0
0;443,2,4;2
0;443,2,4;3
0;444,0,4;1
0;444,1,4;2
0;444,2,4;0
0;444,2,4;3
0;444,3,4;2
0;445,0,4;0
0;445,0,4;1
0;445,2,4;1
0;445,2,4;2
0;446,0,4;0
0;446,0,4;2
0;446,0,4;3
0;446,2,4;1
0;446,3,4;2
0;447,0,4;0
0;447,0,4;3
0;447,1,4;2
0;447,2,4;0
0;447,2,4;1
0;447,2,4;3
0;448,0,4;2
0;448,1,4;1
0;448,2,4;2
0;448,2,4;3
0;448,3,4;1
1;449,0,4;453,0,4;0
0;449,0,4;2
0;449,0,4;3
0;449,2,4;1
0;450,0,4;2
0;450,2,4;3
0;451,2,4;1
0;452,0,4;3
0;452,2,4;2
