bpm,180.0
offset,210
1;5,0,4;21,0,4;0
1;13,0,4;21,0,4;3
0;21,0,4;1
0;21,0,4;2
1;22,2,4;24,0,4;1
0;25,2,4;2
0;26,2,4;1
0;27,2,4;0
1;29,0,4;30,0,4;3
1;30,2,4;32,0,4;1
1;33,0,4;37,0,4;2
0;37,0,4;0
0;38,0,4;0
0;39,0,4;0
0;40,0,4;0
0;41,0,4;0
0;42,0,4;0
0;43,0,4;0
0;44,0,4;0
0;45,0,4;1
0;46,0,4;1
0;47,0,4;1
0;48,0,4;1
0;49,0,4;2
0;50,0,4;2
0;51,0,4;3
0;52,0,4;0
0;52,0,4;3
0;53,0,4;0
0;53,2,4;1
0;54,0,4;2
0;54,2,4;3
0;55,0,4;0
0;55,2,4;1
0;56,0,4;2
0;56,2,4;3
0;57,0,4;0
0;57,2,4;1
0;58,0,4;2
0;58,2,4;3
0;59,0,4;0
0;59,2,4;1
0;60,0,4;2
0;60,2,4;3
1;61,0,4;65,0,4;0
0;65,0,4;3
0;69,0,4;0
1;69,0,4;70,0,4;3
0;70,0,4;1
0;71,0,4;0
0;72,0,4;3
0;73,0,4;0
0;73,0,4;3
0;74,2,4;3
0;75,0,4;0
0;75,2,4;3
1;76,0,4;77,0,4;1
1;77,0,4;78,0,4;2
0;78,0,4;0
0;79,0,4;3
0;80,0,4;0
0;81,0,4;0
0;81,0,4;3
0;82,2,4;0
0;83,0,4;3
0;83,2,4;0
1;84,0,4;85,0,4;2
1;85,0,4;86,0,4;0
0;86,0,4;2
0;87,0,4;0
0;87,0,4;3
0;88,0,4;2
0;89,0,4;0
0;89,0,4;2
0;90,2,4;2
0;91,0,4;0
0;91,2,4;2
1;92,0,4;93,0,4;1
1;93,0,4;94,0,4;3
0;94,0,4;1
0;95,0,4;1
0;95,0,4;3
0;96,0,4;1
0;97,0,4;2
0;97,2,4;0
0;98,0,4;3
0;98,2,4;0
0;99,0,4;2
0;99,2,4;1
0;100,0,4;3
0;100,2,4;1
1;101,0,4;102,0,4;2
0;102,0,4;0
0;103,0,4;1
0;103,0,4;3
0;104,0,4;2
0;105,0,4;0
0;105,0,4;2
0;106,0,4;3
0;106,2,4;1
0;107,0,4;0
0;107,0,4;3
0;107,2,4;2
1;108,0,4;109,0,4;1
1;109,0,4;110,0,4;3
0;110,0,4;0
0;111,0,4;1
0;111,0,4;3
0;112,0,4;2
0;113,0,4;0
0;113,0,4;2
0;114,0,4;3
0;114,2,4;1
0;115,0,4;0
0;115,0,4;3
0;115,3,4;3
0;116,2,4;3
1;117,0,4;118,0,4;0
0;118,0,4;2
0;119,0,4;0
0;119,0,4;3
0;120,0,4;3
0;121,0,4;0
0;121,0,4;3
0;122,0,4;1
0;122,2,4;3
0;123,0,4;0
0;123,0,4;2
0;123,2,4;1
1;124,0,4;125,0,4;3
1;125,0,4;126,0,4;1
0;126,0,4;2
0;127,0,4;0
0;127,0,4;3
0;128,0,4;2
0;129,0,4;1
0;133,0,4;0
0;133,0,4;3
0;134,2,4;1
0;135,2,4;3
0;136,2,4;1
0;137,2,4;2
0;139,0,4;1
0;140,0,4;0
0;141,0,4;2
0;142,2,4;0
0;143,2,4;2
0;144,2,4;1
0;145,2,4;3
0;147,0,4;0
0;148,0,4;2
0;148,2,4;0
0;149,2,4;3
0;150,0,4;1
0;150,2,4;2
0;152,0,4;0
0;152,2,4;2
0;153,2,4;1
0;155,0,4;2
0;156,0,4;3
0;156,2,4;0
0;157,2,4;2
0;158,2,4;2
0;159,2,4;0
0;160,2,4;3
0;161,2,4;1
0;163,0,4;2
0;164,0,4;3
0;165,0,4;0
0;165,2,4;1
0;166,0,4;2
0;166,2,4;3
0;167,0,4;1
0;167,2,4;0
0;168,0,4;3
0;168,2,4;1
0;169,2,4;2
0;170,0,4;1
0;170,2,4;3
0;171,0,4;2
0;171,2,4;0
0;172,0,4;1
0;172,2,4;2
0;173,2,4;1
0;174,0,4;2
0;174,2,4;3
0;175,0,4;1
0;175,2,4;0
0;176,0,4;3
0;176,2,4;1
0;177,2,4;2
0;178,0,4;0
0;178,2,4;3
0;179,0,4;0
0;179,2,4;1
0;180,0,4;2
0;180,2,4;3
0;181,2,4;3
0;182,0,4;2
0;182,2,4;1
0;183,0,4;0
0;183,2,4;2
0;184,0,4;1
0;184,2,4;3
0;185,2,4;0
0;186,0,4;3
0;186,2,4;2
0;187,0,4;0
0;187,2,4;2
0;188,0,4;1
0;188,2,4;3
0;189,2,4;1
0;190,2,4;1
0;191,0,4;2
0;191,2,4;0
0;192,0,4;1
0;192,2,4;3
0;193,2,4;3
0;194,0,4;0
0;194,2,4;2
0;195,0,4;1
0;195,2,4;3
0;196,0,4;1
0;197,0,4;0
0;197,0,4;3
0;212,0,4;0
1;213,0,4;229,0,4;3
0;229,0,4;1
0;230,0,4;1
0;231,0,4;1
0;232,0,4;1
0;233,0,4;1
0;234,0,4;1
0;235,0,4;1
0;236,0,4;1
0;237,0,4;3
0;238,0,4;3
0;239,0,4;3
0;240,0,4;3
0;241,0,4;2
0;242,0,4;2
0;243,0,4;0
0;244,0,4;0
0;244,0,4;3
0;245,0,4;3
0;245,2,4;2
0;246,0,4;1
0;246,2,4;0
0;247,0,4;3
0;247,2,4;2
0;248,0,4;1
0;248,2,4;0
0;249,0,4;3
0;249,2,4;2
0;250,0,4;1
0;250,2,4;0
0;251,0,4;3
0;251,2,4;2
0;252,0,4;1
0;252,2,4;0
1;253,0,4;257,0,4;3
0;257,0,4;0
1;261,0,4;262,0,4;1
0;261,0,4;3
0;262,0,4;3
0;263,0,4;3
0;264,0,4;3
0;265,0,4;3
0;266,0,4;3
0;267,0,4;3
0;268,0,4;3
0;269,0,4;1
0;270,0,4;1
0;271,0,4;1
0;272,0,4;1
0;273,0,4;1
0;274,0,4;1
0;275,0,4;1
0;276,0,4;1
0;276,2,4;3
1;277,0,4;278,0,4;0
0;277,0,4;2
0;278,0,4;2
0;278,2,4;1
0;279,0,4;3
0;279,2,4;1
0;280,0,4;2
0;280,2,4;1
0;281,0,4;3
0;281,2,4;0
0;282,0,4;2
0;282,2,4;0
0;283,0,4;3
0;283,2,4;0
0;284,0,4;2
0;284,2,4;0
0;285,0,4;3
0;285,2,4;1
0;286,0,4;3
0;286,2,4;0
0;287,0,4;3
0;287,2,4;1
0;288,0,4;3
0;288,2,4;0
1;289,0,4;293,0,4;2
1;293,0,4;294,0,4;0
0;294,0,4;3
0;294,2,4;1
0;295,0,4;2
0;295,2,4;1
0;296,0,4;3
0;296,2,4;0
0;297,0,4;2
0;297,2,4;1
0;298,0,4;2
0;298,2,4;0
0;299,0,4;3
0;299,2,4;1
0;300,0,4;3
0;300,2,4;0
0;301,0,4;2
0;301,2,4;1
0;302,0,4;2
0;302,2,4;0
0;303,0,4;3
0;303,2,4;1
0;304,0,4;3
0;304,2,4;0
0;305,0,4;2
0;305,2,4;1
0;306,0,4;2
0;306,2,4;0
0;307,0,4;3
0;307,2,4;1
0;308,0,4;3
0;308,2,4;0
0;309,0,4;1
1;309,0,4;310,0,4;3
1;310,0,4;321,0,4;0
0;311,0,4;2
0;312,0,4;2
0;313,0,4;2
0;314,0,4;2
0;315,0,4;2
0;316,0,4;2
0;317,0,4;3
0;318,0,4;3
0;319,0,4;3
0;320,0,4;2
1;321,0,4;322,0,4;3
1;322,2,4;324,0,4;1
1;325,0,4;326,0,4;2
0;326,0,4;0
0;326,2,4;3
0;327,2,4;0
0;328,0,4;3
0;329,0,4;3
0;329,2,4;3
0;330,0,4;1
0;330,2,4;2
0;331,2,4;0
0;332,0,4;2
1;333,0,4;334,0,4;1
0;334,0,4;3
0;334,2,4;0
0;335,2,4;3
0;336,0,4;0
0;336,2,4;3
0;337,0,4;1
0;337,2,4;1
0;338,0,4;3
0;338,2,4;0
0;339,2,4;2
0;340,2,4;1
1;341,0,4;342,0,4;3
0;342,0,4;0
0;342,2,4;2
0;343,2,4;2
0;344,0,4;0
0;345,0,4;2
0;345,2,4;1
0;346,0,4;3
0;346,2,4;0
0;347,2,4;3
0;348,0,4;0
1;349,0,4;350,0,4;1
0;350,0,4;3
0;350,2,4;0
0;351,2,4;3
0;352,0,4;0
0;352,2,4;3
1;353,0,4;357,0,4;1
1;357,0,4;358,0,4;3
0;358,0,4;0
0;358,2,4;2
0;359,2,4;0
0;360,0,4;2
0;361,0,4;2
0;361,2,4;2
0;362,0,4;0
0;362,2,4;3
0;363,2,4;0
0;364,0,4;3
1;365,0,4;366,0,4;1
0;366,0,4;3
0;366,2,4;0
0;367,2,4;3
0;368,0,4;0
0;368,2,4;3
0;369,0,4;0
0;369,2,4;1
0;370,0,4;3
0;371,0,4;0
0;371,3,4;0
0;372,2,4;2
1;373,0,4;374,0,4;1
0;374,0,4;3
0;374,2,4;0
0;375,2,4;3
0;376,0,4;0
0;377,0,4;0
0;377,2,4;1
0;378,0,4;3
0;378,2,4;1
0;379,2,4;3
0;380,0,4;1
1;381,0,4;382,0,4;2
0;389,0,4;0
1;389,0,4;405,0,4;3
0;405,0,4;0
0;405,2,4;2
0;406,0,4;1
0;406,2,4;3
0;407,2,4;1
0;408,0,4;3
0;408,2,4;2
0;409,0,4;0
0;409,2,4;3
0;410,2,4;1
0;412,0,4;2
0;413,0,4;3
0;413,2,4;2
0;414,0,4;0
0;414,2,4;2
0;415,2,4;1
0;416,0,4;3
0;416,2,4;0
0;417,0,4;3
0;417,2,4;1
0;418,0,4;3
0;418,2,4;0
0;419,2,4;2
0;420,0,4;1
1;421,0,4;433,0,4;3
1;433,0,4;435,0,4;1
1;435,0,4;436,2,4;2
1;437,0,4;441,0,4;0
1;441,0,4;443,0,4;3
1;443,0,4;445,0,4;1
1;445,0,4;448,2,4;2
1;449,0,4;453,0,4;0
