bpm,180.0
offset,210
0;5,0,4;0
0;5,2,4;1
0;6,0,4;2
0;6,2,4;0
0;7,0,4;3
0;7,2,4;2
0;8,0,4;1
0;8,2,4;0
0;9,0,4;2
0;9,2,4;3
0;10,0,4;1
0;10,2,4;0
0;11,0,4;3
0;11,2,4;1
0;12,0,4;3
0;12,2,4;2
0;13,0,4;0
0;13,2,4;1
0;14,0,4;2
0;14,2,4;0
0;15,0,4;3
0;15,2,4;2
0;16,0,4;1
0;16,2,4;0
0;17,0,4;2
1;17,0,4;21,0,4;3
0;17,2,4;1
0;18,0,4;2
0;18,2,4;0
0;19,0,4;2
0;19,2,4;0
0;20,0,4;2
0;20,2,4;1
1;21,0,4;21,3,4;2
1;21,0,4;21,3,4;0
0;22,0,4;1
0;22,0,4;3
1;22,2,4;24,0,4;2
1;22,2,4;24,0,4;3
0;23,2,4;0
0;24,0,4;1
0;24,2,4;2
0;24,3,4;0
0;25,0,4;1
0;25,0,4;3
1;25,2,4;26,0,4;3
1;25,2,4;26,0,4;1
0;26,0,4;2
1;26,2,4;27,2,4;0
1;26,2,4;27,0,4;3
1;27,2,4;28,2,4;1
0;27,2,4;3
0;28,2,4;0
0;28,2,4;3
0;28,3,4;2
1;29,0,4;29,3,4;1
1;29,0,4;29,3,4;3
0;30,0,4;0
0;30,0,4;2
1;30,2,4;32,0,4;0
1;30,2,4;32,0,4;1
0;31,2,4;2
0;32,0,4;3
0;32,2,4;2
0;32,3,4;0
0;33,0,4;1
0;33,0,4;3
0;33,2,4;2
0;33,3,4;1
0;34,0,4;0
0;34,0,4;3
0;34,2,4;1
0;34,3,4;3
0;35,0,4;2
0;35,1,4;0
0;35,2,4;3
0;35,3,4;1
0;36,0,4;2
0;36,1,4;0
0;36,2,4;3
0;36,3,4;2
0;37,0,4;1
0;37,0,4;0
1;37,2,4;38,0,4;2
0;38,0,4;0
0;38,0,4;1
1;38,2,4;39,0,4;3
0;39,0,4;0
0;39,0,4;1
1;39,2,4;40,0,4;2
0;40,0,4;0
0;40,0,4;1
1;40,2,4;41,0,4;3
0;41,0,4;2
0;41,0,4;0
1;41,2,4;42,0,4;1
0;42,0,4;0
0;42,0,4;3
1;42,2,4;43,0,4;2
0;43,0,4;0
0;43,0,4;3
1;43,2,4;44,0,4;1
0;44,0,4;0
0;44,0,4;3
1;44,2,4;45,0,4;2
0;45,0,4;1
0;45,0,4;0
1;45,2,4;46,0,4;3
0;46,0,4;2
0;46,0,4;0
1;46,2,4;47,0,4;1
0;47,0,4;2
0;47,0,4;3
1;47,2,4;48,0,4;0
0;48,0,4;2
0;48,0,4;3
1;48,2,4;49,0,4;1
0;49,0,4;2
0;49,0,4;3
1;49,2,4;50,0,4;0
0;50,0,4;3
0;50,0,4;2
1;50,2,4;51,0,4;1
0;51,0,4;0
0;51,0,4;3
1;51,2,4;52,0,4;2
0;52,0,4;0
0;52,0,4;1
0;52,0,4;3
0;52,2,4;2
0;53,0,4;0
0;53,0,4;1
0;53,1,4;2
0;53,2,4;3
0;53,2,4;0
0;53,3,4;1
0;54,0,4;2
0;54,0,4;3
0;54,1,4;0
0;54,2,4;1
0;54,2,4;2
0;54,3,4;3
0;55,0,4;0
0;55,0,4;1
0;55,1,4;3
0;55,2,4;1
0;55,2,4;2
0;55,3,4;0
0;56,0,4;2
0;56,0,4;3
0;56,1,4;1
0;56,2,4;0
0;56,2,4;3
0;56,3,4;2
0;57,0,4;0
0;57,0,4;1
0;57,1,4;3
0;57,2,4;2
0;57,2,4;1
0;57,3,4;0
0;58,0,4;2
0;58,0,4;3
0;58,1,4;0
0;58,2,4;1
0;58,2,4;2
0;58,3,4;3
0;59,0,4;0
0;59,0,4;1
0;59,1,4;2
0;59,2,4;3
0;59,2,4;0
0;59,3,4;1
0;60,0,4;2
0;60,0,4;3
0;60,1,4;0
0;60,2,4;1
0;60,2,4;2
0;60,3,4;3
0;61,0,4;0
0;61,0,4;1
0;61,1,4;3
0;61,1,4;2
0;61,2,4;0
0;61,2,4;1
0;61,3,4;2
0;61,3,4;3
0;62,0,4;0
0;62,0,4;1
0;62,1,4;2
0;62,1,4;3
0;62,2,4;0
0;62,2,4;1
0;62,3,4;3
0;62,3,4;2
0;63,0,4;0
0;63,1,4;3
0;63,2,4;1
0;63,3,4;2
1;64,0,4;65,0,4;1
1;64,2,4;65,0,4;3
1;65,0,4;65,1,4;0
0;65,0,4;2
1;65,2,4;66,0,4;0
0;66,0,4;3
0;66,1,4;1
0;66,2,4;2
0;66,3,4;3
0;67,0,4;2
0;67,2,4;1
1;68,0,4;69,0,4;3
0;69,0,4;1
1;69,0,4;70,0,4;0
0;69,2,4;2
1;70,0,4;71,0,4;3
0;70,2,4;1
0;71,0,4;0
0;71,0,4;2
0;71,2,4;3
1;72,0,4;72,3,4;0
0;72,0,4;2
0;72,2,4;3
1;73,0,4;74,0,4;1
0;73,0,4;3
0;73,2,4;2
0;74,0,4;3
1;74,2,4;75,0,4;0
0;75,0,4;1
0;75,0,4;3
1;75,2,4;76,0,4;2
0;76,0,4;0
1;76,0,4;77,0,4;1
0;76,2,4;2
1;77,0,4;77,2,4;3
1;77,2,4;78,0,4;1
1;78,0,4;79,0,4;0
0;78,0,4;3
0;78,2,4;2
0;79,0,4;1
0;79,0,4;3
0;79,2,4;0
0;80,0,4;1
1;80,0,4;80,3,4;3
0;80,2,4;0
0;81,0,4;0
1;81,0,4;82,0,4;2
0;81,2,4;1
0;82,0,4;0
1;82,2,4;83,0,4;3
0;83,0,4;0
0;83,0,4;2
1;83,2,4;84,0,4;1
1;84,0,4;85,0,4;2
0;84,0,4;3
0;84,2,4;0
1;85,0,4;86,0,4;1
0;85,2,4;3
1;86,0,4;87,0,4;0
0;86,2,4;1
0;87,0,4;3
0;87,0,4;2
0;87,2,4;1
1;88,0,4;88,3,4;0
0;88,0,4;2
0;88,2,4;3
1;89,0,4;90,0,4;1
0;89,0,4;3
0;89,2,4;2
0;90,0,4;3
1;90,2,4;91,0,4;0
0;91,0,4;1
0;91,0,4;3
1;91,2,4;92,0,4;2
1;92,0,4;93,0,4;1
0;92,2,4;2
1;93,0,4;93,2,4;3
1;93,2,4;94,0,4;1
1;94,0,4;95,0,4;0
0;94,2,4;2
0;95,0,4;1
0;95,0,4;3
0;95,2,4;0
1;96,0,4;97,0,4;3
0;96,0,4;1
0;96,2,4;2
1;97,0,4;97,2,4;0
0;97,1,4;1
1;97,2,4;98,0,4;2
0;97,3,4;3
1;98,0,4;98,2,4;0
0;98,1,4;1
1;98,2,4;99,0,4;3
0;98,3,4;2
1;99,0,4;99,2,4;1
0;99,1,4;0
1;99,2,4;100,0,4;3
0;99,3,4;2
1;100,0,4;100,2,4;0
0;100,1,4;1
1;100,2,4;101,0,4;2
0;100,3,4;3
1;101,0,288;102,0,288;0
0;101,0,288;1
0;101,144,288;2
1;102,0,288;103,0,288;3
0;102,144,288;1
0;103,0,288;2
0;103,0,288;0
0;103,144,288;1
0;104,0,288;2
1;104,0,288;104,216,288;0
0;104,2,4;3
1;105,0,288;106,0,288;1
0;105,0,288;3
0;105,144,288;2
0;106,0,288;3
1;106,144,288;107,0,288;0
0;107,0,288;1
0;107,0,288;3
1;107,144,288;108,0,288;2
0;108,0,288;0
1;108,0,288;109,0,288;1
0;108,144,288;2
1;109,0,288;109,144,288;3
1;109,144,288;110,0,288;1
1;110,0,288;111,0,288;0
0;110,0,288;3
0;110,144,288;2
0;111,0,288;1
0;111,0,288;3
0;111,144,288;2
0;112,0,288;1
1;112,0,288;112,216,288;3
0;112,144,288;0
1;113,0,288;114,0,288;2
0;113,0,288;0
0;113,144,288;1
0;114,0,288;0
0;114,2,4;1
0;114,2,4;3
0;115,0,4;0
1;115,0,4;115,2,4;1
1;115,0,4;115,2,4;3
1;115,3,4;116,1,4;0
1;115,3,4;116,1,4;2
0;116,0,4;3
1;116,2,4;117,0,4;1
1;116,2,4;117,0,4;3
0;117,0,4;0
1;117,0,288;118,0,288;2
0;117,144,288;1
1;118,0,288;119,0,288;0
0;118,144,288;1
0;119,0,288;2
0;119,0,288;3
0;119,144,288;1
0;120,0,288;2
1;120,0,288;120,216,288;0
0;120,2,4;3
0;121,0,288;3
1;121,0,288;122,0,288;1
0;121,144,288;2
0;122,0,288;3
1;122,144,288;123,0,288;0
0;123,0,288;1
0;123,0,288;3
1;123,144,288;124,0,288;2
1;124,0,288;125,0,288;1
0;124,144,288;2
1;125,0,288;125,144,288;3
1;125,144,288;126,0,288;1
1;126,0,288;127,0,288;0
0;126,144,288;2
0;127,0,288;1
0;127,0,288;3
0;127,144,288;0
0;128,0,288;1
1;128,0,288;129,0,288;3
0;128,144,288;2
0;129,0,4;0
0;129,0,4;1
0;129,2,4;2
0;129,3,4;1
0;130,0,4;3
0;130,0,4;2
0;130,2,4;0
0;130,2,4;1
0;131,0,4;2
0;131,0,4;3
0;131,2,4;1
0;132,0,4;2
0;132,0,4;3
0;133,0,4;0
0;133,0,4;2
0;133,0,4;3
0;133,2,4;1
0;134,0,4;2
0;134,2,4;0
0;135,0,4;1
0;135,0,4;3
0;135,2,4;2
0;136,0,4;0
0;136,2,4;1
0;137,0,4;2
0;137,0,4;3
0;137,2,4;0
0;138,0,4;3
0;138,2,4;1
0;139,0,4;2
0;139,0,4;0
0;139,2,4;1
0;140,0,4;2
0;140,2,4;0
0;141,0,4;1
0;141,0,4;3
0;141,2,4;2
0;142,0,4;0
0;142,2,4;1
0;143,0,4;2
0;143,0,4;3
0;143,2,4;0
0;144,0,4;3
0;144,2,4;2
0;145,0,4;0
0;145,0,4;1
0;145,2,4;3
0;145,5,6;1
0;146,0,6;2
0;146,2,4;1
0;147,0,4;0
0;147,0,4;3
0;147,2,4;2
0;148,0,4;1
0;148,2,4;0
0;148,2,4;3
0;149,0,4;2
0;149,2,4;0
0;150,0,4;1
0;150,2,4;2
0;151,0,4;3
0;151,0,4;0
0;151,2,4;1
0;152,0,4;3
0;152,2,4;2
0;153,0,4;0
0;153,0,4;1
0;153,2,4;3
0;154,0,4;2
0;154,2,4;1
0;155,0,4;2
0;155,0,4;0
0;155,2,4;3
0;156,0,4;0
0;156,2,4;2
0;156,2,4;3
0;157,0,4;1
0;157,2,4;3
0;158,0,4;0
0;158,2,4;1
0;159,0,4;0
0;159,0,4;2
0;159,2,4;3
0;160,0,4;1
0;160,2,4;2
0;161,0,4;1
0;161,0,4;0
0;161,2,4;3
0;162,0,4;1
0;162,2,4;2
0;163,0,4;0
0;163,0,4;3
0;163,2,4;1
0;164,0,4;2
0;164,2,4;1
0;165,0,288;2
0;165,0,288;3
0;165,0,288;0
0;165,144,288;1
0;166,0,288;2
0;166,144,288;0
0;167,0,288;1
0;167,0,288;3
0;167,144,288;2
0;168,0,288;0
0;168,144,288;1
0;169,0,288;3
0;169,0,288;2
0;169,144,288;0
0;170,0,288;3
0;170,144,288;1
0;171,0,288;0
0;171,0,288;2
0;171,144,288;1
0;172,0,288;2
0;172,144,288;0
0;173,0,288;1
0;173,0,288;3
0;173,144,288;2
0;174,0,288;0
0;174,144,288;1
0;175,0,288;2
0;175,0,288;3
0;175,144,288;0
0;176,0,288;3
0;176,144,288;2
0;177,0,288;0
0;177,0,288;1
0;177,144,288;3
0;177,5,6;1
0;178,0,288;2
0;178,144,288;1
0;179,0,288;3
0;179,0,288;0
0;179,144,288;2
0;180,0,288;1
0;180,144,288;3
0;180,144,288;0
0;181,0,288;2
0;181,144,288;0
0;182,0,288;1
0;182,144,288;2
0;183,0,288;0
0;183,0,288;3
0;183,144,288;1
0;184,0,288;3
0;184,144,288;2
0;185,0,288;0
0;185,0,288;1
0;185,144,288;3
0;186,0,288;2
0;186,144,288;1
0;187,0,288;0
0;187,0,288;2
0;187,144,288;3
0;188,0,4;1
0;188,2,4;0
0;188,2,4;3
0;189,2,4;2
0;190,2,4;2
0;191,0,4;1
0;191,2,4;0
0;192,0,4;3
0;192,2,4;1
0;193,2,4;1
0;194,0,4;2
0;194,2,4;0
0;195,0,4;3
0;195,2,4;2
0;196,0,4;1
0;197,0,4;3
0;197,0,4;0
0;197,2,4;1
0;198,0,4;2
0;198,2,4;0
0;199,0,4;3
0;199,2,4;2
0;200,0,4;1
0;200,2,4;0
0;201,0,4;3
0;201,2,4;2
0;202,0,4;0
0;202,2,4;1
0;203,0,4;3
0;203,2,4;1
0;204,0,4;3
0;204,2,4;2
0;205,0,4;0
0;205,2,4;1
0;206,0,4;2
0;206,2,4;0
0;207,0,4;3
0;207,2,4;2
0;208,0,4;1
0;208,2,4;3
0;209,0,4;0
0;209,2,4;2
0;210,0,4;1
0;210,2,4;3
0;211,0,4;1
0;211,2,4;3
0;212,0,4;0
0;212,0,4;1
0;212,2,4;2
1;213,0,4;221,0,4;0
0;213,0,4;3
0;213,2,4;1
0;214,0,4;2
0;214,2,4;3
0;215,0,4;1
0;215,2,4;3
0;216,0,4;1
0;216,2,4;2
0;217,0,4;3
0;217,2,4;1
0;218,0,4;3
0;218,2,4;2
0;219,0,4;3
0;219,2,4;1
0;220,0,4;3
0;220,2,4;2
0;221,0,4;1
1;221,0,4;229,0,4;3
0;221,2,4;2
0;222,0,4;0
0;222,2,4;2
0;223,0,4;0
0;223,2,4;1
0;224,0,4;0
0;224,2,4;2
0;225,0,4;0
0;225,2,4;2
0;226,0,4;0
0;226,2,4;1
0;227,0,4;2
0;227,2,4;0
0;228,0,4;2
0;228,2,4;1
0;229,0,4;2
0;229,0,4;0
0;229,1,4;1
0;229,2,4;2
0;229,3,4;1
0;230,0,4;0
0;230,0,4;3
0;230,1,4;2
0;230,2,4;1
0;230,3,4;2
0;231,0,4;3
0;231,0,4;0
0;231,1,4;1
0;231,2,4;2
0;231,3,4;0
0;232,0,4;1
0;232,0,4;3
0;232,1,4;2
0;232,2,4;1
0;232,3,4;3
0;233,0,4;0
0;233,0,4;2
0;233,1,4;1
0;233,2,4;3
0;233,3,4;2
0;234,0,4;0
0;234,0,4;1
0;234,1,4;3
0;234,2,4;2
0;234,3,4;1
0;235,0,4;0
0;235,0,4;3
0;235,1,4;1
0;235,2,4;2
0;235,3,4;1
0;236,0,4;0
0;236,0,4;3
0;236,1,4;2
0;236,2,4;1
0;236,3,4;2
0;237,0,4;0
0;237,0,4;3
0;237,1,4;1
0;237,2,4;2
0;237,3,4;0
0;238,0,4;1
0;238,0,4;3
0;238,1,4;2
0;238,2,4;0
0;238,3,4;1
0;239,0,4;2
0;239,0,4;3
0;239,1,4;0
0;239,2,4;1
0;239,3,4;3
0;240,0,4;0
0;240,0,4;2
0;240,1,4;1
0;240,2,4;3
0;240,3,4;2
0;241,0,4;0
0;241,0,4;1
0;241,1,4;3
0;241,2,4;2
0;241,3,4;1
0;242,0,4;0
0;242,0,4;3
0;242,1,4;2
0;242,2,4;1
0;242,3,4;2
0;243,0,4;0
0;243,0,4;3
0;243,1,4;1
0;243,2,4;2
0;243,3,4;1
0;244,0,4;0
0;244,0,4;2
0;244,0,4;3
0;245,0,4;0
0;245,0,4;3
0;245,1,4;1
0;245,2,4;3
0;245,2,4;2
0;245,3,4;0
0;246,0,4;1
0;246,0,4;2
0;246,1,4;3
0;246,2,4;0
0;246,2,4;1
0;246,3,4;3
0;247,0,4;0
0;247,0,4;2
0;247,1,4;1
0;247,2,4;3
0;247,2,4;2
0;247,3,4;0
0;248,0,4;2
0;248,0,4;1
0;248,1,4;3
0;248,2,4;0
0;248,2,4;1
0;248,3,4;3
0;249,0,4;0
0;249,0,4;2
0;249,1,4;1
0;249,2,4;2
0;249,2,4;3
0;249,3,4;0
0;250,0,4;2
0;250,0,4;1
0;250,1,4;3
0;250,2,4;0
0;250,2,4;1
0;250,3,4;2
0;251,0,4;0
0;251,0,4;3
0;251,1,4;1
0;251,2,4;2
0;251,2,4;3
0;251,3,4;0
0;252,0,4;1
0;252,0,4;2
0;252,1,4;3
0;252,2,4;0
0;252,2,4;1
0;252,3,4;2
0;253,0,4;0
0;253,0,4;1
0;253,1,4;2
0;253,1,4;3
0;253,2,4;0
0;253,2,4;1
0;253,3,4;3
0;253,3,4;2
0;254,0,4;0
0;254,0,4;1
0;254,1,4;2
0;254,1,4;3
0;254,2,4;0
0;254,2,4;1
0;254,3,4;2
0;254,3,4;3
0;255,0,4;0
0;255,1,4;3
0;255,2,4;1
0;255,3,4;2
1;256,0,4;257,0,4;1
1;256,2,4;257,0,4;3
1;257,0,4;257,1,4;0
0;257,0,4;2
1;257,2,4;258,0,4;0
0;258,0,4;2
0;258,1,4;3
0;258,2,4;0
0;258,3,4;1
0;259,0,4;0
0;259,2,4;2
1;260,0,4;261,0,4;0
1;261,0,4;262,0,4;3
0;262,0,4;0
0;262,0,4;2
0;262,1,4;1
0;262,2,4;2
0;262,3,4;0
0;263,0,4;1
0;263,0,4;3
0;263,1,4;2
0;263,2,4;0
0;263,3,4;1
0;264,0,4;2
0;264,0,4;0
0;264,1,4;3
0;264,2,4;1
0;264,3,4;2
0;265,0,4;0
0;265,0,4;3
0;265,1,4;1
0;265,2,4;3
0;265,3,4;2
0;266,0,4;1
0;266,0,4;3
0;266,1,4;0
0;266,2,4;2
0;266,3,4;1
0;267,0,4;0
0;267,0,4;3
0;267,1,4;2
0;267,2,4;0
0;267,3,4;1
0;268,0,4;0
0;268,0,4;2
0;268,1,4;3
0;268,2,4;1
0;268,3,4;2
0;269,0,4;0
0;269,0,4;3
0;269,1,4;1
0;269,2,4;0
0;269,3,4;3
0;270,0,4;2
0;270,0,4;0
0;270,1,4;1
0;270,2,4;3
0;270,3,4;2
0;271,0,4;1
0;271,0,4;3
0;271,1,4;0
0;271,2,4;2
0;271,3,4;1
0;272,0,4;0
0;272,0,4;3
0;272,1,4;2
0;272,2,4;3
0;272,3,4;1
0;273,0,4;0
0;273,0,4;2
0;273,1,4;3
0;273,2,4;1
0;273,3,4;2
0;274,0,4;0
0;274,0,4;3
0;274,1,4;1
0;274,2,4;3
0;274,3,4;2
0;275,0,4;1
0;275,0,4;3
0;275,1,4;0
0;275,2,4;2
0;275,3,4;1
0;276,0,4;0
0;276,0,4;3
0;276,2,4;0
0;276,2,4;1
0;276,2,4;3
1;277,0,4;278,0,4;2
0;277,2,4;1
0;278,0,4;0
0;278,0,4;3
0;278,1,4;1
0;278,2,4;0
0;278,2,4;2
0;278,3,4;3
0;279,0,4;0
0;279,0,4;1
0;279,1,4;3
0;279,2,4;0
0;279,2,4;2
0;279,3,4;1
0;280,0,4;0
0;280,0,4;3
0;280,1,4;2
0;280,2,4;3
0;280,2,4;1
0;280,3,4;0
0;281,0,4;1
0;281,0,4;2
0;281,1,4;3
0;281,2,4;0
0;281,2,4;2
0;281,3,4;3
0;282,0,4;0
0;282,0,4;1
0;282,1,4;3
0;282,2,4;2
0;282,2,4;0
0;282,3,4;1
0;283,0,4;2
0;283,0,4;3
0;283,1,4;1
0;283,2,4;0
0;283,2,4;3
0;283,3,4;2
0;284,0,4;0
0;284,0,4;1
0;284,1,4;2
0;284,2,4;1
0;284,2,4;3
0;284,3,4;0
0;285,0,4;1
0;285,0,4;2
0;285,1,4;3
0;285,2,4;0
0;285,2,4;2
0;285,3,4;1
0;286,0,4;2
0;286,0,4;3
0;286,1,4;1
0;286,2,4;3
0;286,2,4;0
0;286,3,4;2
0;287,0,4;0
0;287,0,4;1
0;287,1,4;2
0;287,2,4;0
0;287,2,4;3
0;287,3,4;1
0;288,0,4;2
0;288,0,4;3
0;288,1,4;0
0;288,2,4;1
0;288,2,4;3
0;288,3,4;2
0;289,0,4;3
1;289,0,4;289,2,4;1
1;289,2,4;290,0,4;3
1;290,0,4;290,2,4;0
1;290,2,4;291,0,4;3
1;291,0,4;291,2,4;1
1;291,2,4;292,0,4;3
1;292,0,4;292,2,4;0
1;292,2,4;293,0,4;3
0;293,0,4;0
1;293,0,4;294,0,4;2
0;293,2,4;1
0;294,0,4;3
0;294,0,4;0
0;294,1,4;1
0;294,2,4;0
0;294,2,4;2
0;294,3,4;3
0;295,0,4;0
0;295,0,4;1
0;295,1,4;2
0;295,2,4;0
0;295,2,4;3
0;295,3,4;1
0;296,0,4;2
0;296,0,4;3
0;296,1,4;1
0;296,2,4;0
0;296,2,4;2
0;296,3,4;3
0;297,0,4;1
0;297,0,4;2
0;297,1,4;0
0;297,2,4;1
0;297,2,4;3
0;297,3,4;2
0;298,0,4;0
0;298,0,4;1
0;298,1,4;3
0;298,2,4;0
0;298,2,4;2
0;298,3,4;1
0;299,0,4;2
0;299,0,4;3
0;299,1,4;1
0;299,2,4;0
0;299,2,4;3
0;299,3,4;2
0;300,0,4;1
0;300,0,4;0
0;300,1,4;3
0;300,2,4;0
0;300,2,4;2
0;300,3,4;3
0;301,0,4;1
0;301,0,4;2
0;301,1,4;0
0;301,2,4;1
0;301,2,4;3
0;301,3,4;2
0;302,0,4;1
0;302,0,4;0
0;302,1,4;2
0;302,2,4;0
0;302,2,4;3
0;302,3,4;1
0;303,0,4;2
0;303,0,4;3
0;303,1,4;1
0;303,2,4;0
0;303,2,4;3
0;303,3,4;2
0;304,0,4;0
0;304,0,4;1
0;304,1,4;2
0;304,2,4;1
0;304,2,4;3
0;304,3,4;0
0;305,0,4;1
0;305,0,4;2
0;305,1,4;3
0;305,2,4;0
0;305,2,4;2
0;305,3,4;1
0;306,0,4;3
0;306,0,4;2
0;306,1,4;1
0;306,2,4;0
0;306,2,4;3
0;306,3,4;2
0;307,0,4;0
0;307,0,4;1
0;307,1,4;2
0;307,2,4;0
0;307,2,4;3
0;307,3,4;1
0;308,0,4;2
0;308,0,4;3
0;308,2,4;0
0;308,2,4;3
0;308,2,4;1
1;309,0,4;310,0,4;2
0;309,2,4;1
0;310,0,4;0
0;310,0,4;3
0;310,1,4;1
0;310,2,4;0
0;310,2,4;2
0;310,3,4;3
0;311,0,4;0
0;311,0,4;1
0;311,1,4;3
0;311,2,4;0
0;311,2,4;2
0;311,3,4;1
0;312,0,4;2
0;312,0,4;3
0;312,1,4;1
0;312,2,4;0
0;312,2,4;2
0;312,3,4;3
0;313,0,4;1
0;313,0,4;2
0;313,1,4;0
0;313,2,4;3
0;313,2,4;1
0;313,3,4;2
0;314,0,4;0
0;314,0,4;1
0;314,1,4;2
0;314,2,4;0
0;314,2,4;3
0;314,3,4;1
0;315,0,4;2
0;315,0,4;3
0;315,1,4;1
0;315,2,4;2
0;315,2,4;0
0;315,3,4;1
0;316,0,4;0
0;316,0,4;3
0;316,1,4;2
0;316,2,4;1
0;316,2,4;3
0;316,3,4;0
0;317,0,4;1
0;317,0,4;2
0;317,1,4;3
0;317,2,4;2
0;317,2,4;0
0;317,3,4;1
0;318,0,4;3
0;318,0,4;0
0;318,1,4;1
0;318,2,4;2
0;318,2,4;3
0;318,3,4;1
0;319,0,4;0
0;319,0,4;3
0;319,1,4;2
0;319,2,4;3
0;319,2,4;1
0;319,3,4;2
0;320,0,4;0
0;320,0,4;1
0;320,0,4;3
1;321,0,4;322,0,4;1
1;321,0,4;321,1,4;2
0;321,2,4;3
0;321,3,4;2
0;322,0,4;3
1;322,2,4;324,0,4;3
1;322,2,4;324,0,4;0
0;322,2,4;1
0;323,0,4;2
0;323,2,4;1
0;324,0,4;2
0;324,1,4;1
0;324,2,4;2
0;324,3,4;1
0;325,0,4;0
1;325,0,4;325,2,4;3
0;325,2,4;2
0;326,0,4;0
1;326,0,4;326,2,4;1
0;326,2,4;2
0;326,2,4;3
0;326,3,4;0
0;327,0,4;1
0;327,1,4;2
0;327,2,4;1
1;327,2,4;328,0,4;3
0;328,0,4;0
0;328,0,4;2
0;328,1,4;1
1;328,2,4;329,0,4;0
0;328,2,4;3
0;328,3,4;2
0;329,0,4;3
0;329,0,4;1
1;329,2,4;330,0,4;3
0;329,2,4;0
0;330,0,4;2
0;330,0,4;0
0;330,2,4;0
0;330,2,4;1
0;330,3,4;2
0;331,0,4;0
1;331,0,4;331,2,4;3
0;331,1,4;1
0;331,2,4;0
0;331,2,4;2
0;332,0,4;1
1;332,0,4;332,2,4;0
0;332,1,4;3
0;332,2,4;1
0;332,3,4;2
0;333,0,4;0
1;333,0,4;334,0,4;3
0;333,2,4;1
1;334,0,4;334,2,4;0
0;334,0,4;2
0;334,2,4;1
0;334,2,4;3
0;334,3,4;2
0;335,0,4;0
0;335,1,4;1
0;335,2,4;2
1;335,2,4;336,0,4;3
0;336,0,4;0
0;336,0,4;1
0;336,1,4;2
1;336,2,4;337,0,4;0
0;336,2,4;3
0;336,3,4;2
0;337,0,4;3
0;337,0,4;1
0;337,2,4;1
1;337,2,4;338,0,4;2
0;338,0,4;0
0;338,0,4;3
0;338,2,4;0
0;338,2,4;2
0;338,3,4;1
1;339,0,4;339,2,4;0
0;339,0,4;3
0;339,1,4;2
0;339,2,4;3
0;339,2,4;1
0;340,0,4;0
1;340,0,4;340,2,4;3
0;340,1,4;2
0;340,2,4;0
0;340,2,4;1
0;340,3,4;2
0;341,0,4;0
1;341,0,4;342,0,4;3
0;341,2,4;1
1;342,0,4;342,2,4;0
0;342,0,4;2
0;342,2,4;1
1;342,2,4;343,0,4;3
0;342,3,4;2
0;343,0,4;0
0;343,1,4;1
0;343,2,4;0
1;343,2,4;344,0,4;2
0;344,0,4;1
0;344,0,4;3
0;344,1,4;0
1;344,2,4;345,0,4;1
0;344,2,4;3
0;344,3,4;2
0;345,0,4;0
0;345,0,4;3
0;345,2,4;0
1;345,2,4;346,0,4;2
0;346,0,4;1
0;346,0,4;3
0;346,2,4;0
0;346,2,4;2
0;346,3,4;1
1;347,0,4;347,2,4;0
0;347,0,4;3
0;347,1,4;2
0;347,2,4;3
0;347,2,4;1
1;348,0,4;348,2,4;0
0;348,0,4;2
0;348,1,4;3
0;348,2,4;1
0;348,3,4;2
0;349,0,4;0
1;349,0,4;350,0,4;3
0;349,2,4;1
1;350,0,4;350,2,4;0
0;350,0,4;2
0;350,2,4;1
1;350,2,4;351,0,4;3
0;350,3,4;2
0;351,0,4;0
0;351,1,4;1
0;351,2,4;2
1;351,2,4;352,0,4;0
0;352,0,4;3
0;352,1,4;2
0;352,2,4;3
1;352,2,4;353,0,4;1
0;352,3,4;2
0;353,0,4;0
0;353,0,4;3
0;353,1,4;2
0;353,2,4;1
0;353,2,4;3
0;353,3,4;0
0;354,0,4;2
0;354,1,4;1
0;354,2,4;0
0;354,2,4;3
0;354,3,4;2
0;355,0,4;1
0;355,0,4;3
0;355,1,4;0
0;355,2,4;2
0;355,3,4;1
0;356,0,4;0
0;356,0,4;2
0;356,1,4;3
0;356,2,4;1
0;356,3,4;2
0;357,0,288;0
1;357,0,288;357,144,288;3
0;357,144,288;2
0;358,0,4;0
1;358,0,288;358,144,288;1
0;358,144,288;2
0;358,144,288;3
0;358,216,288;0
0;359,0,288;1
0;359,72,288;2
0;359,144,288;1
1;359,144,288;360,0,288;3
0;360,0,288;0
0;360,0,288;2
0;360,72,288;1
1;360,144,288;361,0,288;0
0;360,144,288;3
0;360,216,288;2
0;361,0,288;1
0;361,0,288;3
1;361,144,288;362,0,288;2
0;361,144,288;0
0;362,0,4;0
0;362,0,288;1
0;362,2,4;1
0;362,144,288;3
0;362,216,288;2
0;363,0,288;0
1;363,0,288;363,144,288;3
0;363,72,288;1
0;363,2,4;0
0;363,144,288;2
1;364,0,288;364,144,288;1
0;364,0,288;3
0;364,72,288;2
0;364,144,288;0
0;364,216,288;2
0;365,0,288;0
1;365,0,288;366,0,288;3
0;365,144,288;1
1;366,0,288;366,144,288;0
0;366,0,288;2
0;366,144,288;1
0;366,144,288;3
0;366,216,288;2
0;367,0,288;0
0;367,72,288;1
1;367,144,288;368,0,288;3
0;367,144,288;2
0;368,0,288;0
0;368,0,288;2
0;368,72,288;1
1;368,2,4;369,0,4;0
0;368,144,288;3
0;368,216,288;2
0;369,0,288;1
0;369,0,288;3
0;369,144,288;0
1;369,144,288;370,0,288;2
0;370,0,4;0
0;370,0,288;1
0;370,2,4;2
0;370,3,4;1
0;371,0,4;2
0;371,0,4;3
0;371,1,4;0
0;371,2,4;2
0;371,3,4;0
0;371,3,4;1
0;372,0,4;3
0;372,1,4;1
0;372,2,4;3
0;372,2,4;2
0;372,3,4;0
0;373,0,4;1
0;373,0,4;3
0;373,0,4;2
0;373,144,288;1
1;374,0,288;374,144,288;0
0;374,0,288;2
0;374,144,288;1
1;374,144,288;375,0,288;3
0;374,216,288;2
0;375,0,288;0
0;375,72,288;1
0;375,144,288;0
1;375,144,288;376,0,288;2
0;376,0,288;1
0;376,0,288;3
0;376,72,288;0
1;376,144,288;377,0,288;1
0;376,144,288;3
0;376,216,288;2
0;377,0,4;0
0;377,0,288;3
0;377,144,288;0
1;377,144,288;378,0,288;2
0;378,0,4;1
0;378,0,288;3
0;378,144,288;0
0;378,144,288;2
0;378,216,288;1
1;379,0,288;379,144,288;0
0;379,0,288;3
0;379,72,288;2
0;379,144,288;1
0;379,144,288;3
1;380,0,288;380,144,288;0
0;380,0,288;2
0;380,72,288;3
0;380,144,288;1
0;380,216,288;2
0;381,0,288;0
1;381,0,4;382,0,4;1
1;381,0,288;382,0,288;3
1;382,0,4;384,0,4;0
1;382,0,288;382,144,288;2
1;382,144,288;383,0,288;3
1;383,144,288;384,0,288;2
1;384,0,4;385,0,4;1
1;384,144,288;385,0,288;3
1;385,0,4;386,0,4;2
1;385,2,4;386,0,4;0
1;386,0,4;386,2,4;3
1;386,2,4;387,2,4;1
1;387,0,4;387,2,4;3
1;387,2,4;388,0,4;2
1;388,0,4;388,2,4;0
1;388,0,4;389,0,4;1
0;389,0,4;0
0;389,0,4;2
0;389,0,4;3
0;389,2,4;1
0;389,2,4;2
0;390,0,4;3
0;390,0,4;0
0;390,2,4;2
0;390,3,4;0
0;391,0,4;2
0;391,1,4;1
0;391,2,4;0
0;391,2,4;3
0;392,0,4;2
0;392,1,4;1
0;392,2,4;3
0;392,3,4;2
0;393,0,4;0
0;393,0,4;3
0;393,2,4;1
0;393,2,4;2
0;394,0,4;0
0;394,0,4;3
0;394,2,4;1
0;394,3,4;3
0;395,0,4;1
0;395,1,4;2
0;395,2,4;0
0;395,2,4;3
0;396,0,4;1
0;396,1,4;2
0;396,2,4;1
0;396,3,4;3
0;397,0,4;0
0;397,0,4;2
0;397,2,4;1
0;397,2,4;3
0;398,0,4;0
0;398,0,4;2
0;398,2,4;1
0;398,3,4;3
0;399,0,4;1
0;399,1,4;2
0;399,2,4;0
0;399,2,4;1
0;400,0,4;3
0;400,1,4;0
0;400,2,4;2
0;400,3,4;1
0;401,0,4;2
0;401,0,4;3
0;401,2,4;0
0;401,3,4;3
0;402,0,4;1
0;402,1,4;2
0;402,2,4;1
0;402,2,4;3
0;403,0,4;0
0;403,1,4;2
0;403,2,4;1
0;403,3,4;3
1;404,0,4;405,0,4;0
0;404,0,4;2
0;404,2,4;3
0;405,0,4;1
0;405,0,4;2
0;405,2,4;0
0;405,2,4;3
0;406,0,4;1
0;406,0,4;2
0;406,2,4;3
0;406,3,4;1
0;407,0,4;2
0;407,1,4;0
0;407,2,4;1
0;407,2,4;3
0;408,0,4;2
0;408,1,4;0
0;408,2,4;1
0;408,3,4;3
0;409,0,4;0
0;409,0,4;2
0;409,2,4;1
0;409,2,4;3
0;410,0,4;0
0;410,0,4;2
0;410,2,4;1
0;410,2,4;3
0;410,3,4;2
0;411,0,4;0
0;411,1,4;1
0;411,2,4;2
0;411,2,4;3
0;412,0,4;0
0;412,1,4;2
0;412,2,4;1
0;412,3,4;3
0;413,0,4;0
0;413,0,4;2
0;413,2,4;1
0;413,2,4;3
0;414,0,4;0
0;414,0,4;2
0;414,2,4;3
0;414,3,4;1
0;415,0,4;2
0;415,1,4;0
0;415,2,4;1
0;415,2,4;3
0;416,0,4;2
0;416,1,4;0
0;416,2,4;1
0;416,2,4;3
0;417,0,4;2
0;417,0,4;3
0;417,2,4;1
0;417,3,4;3
0;418,0,4;2
0;418,1,4;0
0;418,2,4;3
0;418,2,4;1
0;419,0,4;2
0;419,1,4;0
0;419,2,4;1
0;419,3,4;2
0;420,0,4;0
0;420,0,4;1
0;420,0,4;3
0;420,2,4;2
0;421,0,4;1
0;421,0,4;3
0;421,2,4;2
0;421,2,4;3
0;422,0,4;0
0;422,0,4;1
0;422,2,4;3
0;422,3,4;1
0;423,0,4;2
0;423,1,4;0
0;423,2,4;1
0;423,2,4;3
0;424,0,4;0
0;424,1,4;3
0;424,2,4;1
0;424,3,4;2
0;425,0,4;1
0;425,0,4;0
0;425,2,4;3
0;425,2,4;2
0;426,0,4;0
0;426,0,4;3
0;426,2,4;2
0;426,3,4;1
0;427,0,4;3
0;427,1,4;2
0;427,2,4;1
0;427,2,4;3
0;428,0,4;0
0;428,1,4;2
0;428,2,4;1
0;428,3,4;3
0;429,0,4;0
0;429,0,4;2
0;429,2,4;1
0;429,2,4;3
0;430,0,4;0
0;430,0,4;2
0;430,2,4;1
0;430,3,4;3
0;431,0,4;1
0;431,1,4;2
0;431,2,4;0
0;431,2,4;3
0;432,0,4;1
0;432,1,4;2
0;432,2,4;0
0;432,3,4;1
0;433,0,4;0
0;433,0,4;2
0;433,2,4;1
0;433,2,4;3
0;434,0,4;2
0;434,0,4;0
0;434,2,4;3
0;434,3,4;1
0;435,0,4;2
0;435,1,4;0
0;435,2,4;1
0;435,2,4;3
0;436,0,4;2
0;436,1,4;1
0;436,2,4;3
0;436,3,4;2
0;437,0,4;0
0;437,0,4;1
0;437,2,4;0
0;437,2,4;2
0;438,0,4;1
0;438,0,4;3
0;438,2,4;0
0;438,3,4;3
0;439,0,4;1
0;439,1,4;2
0;439,2,4;0
0;439,2,4;1
0;440,0,4;3
0;440,1,4;1
0;440,2,4;2
0;440,3,4;1
0;441,0,4;0
0;441,0,4;3
0;441,2,4;2
0;442,0,4;1
0;442,0,4;3
0;442,2,4;0
0;442,3,4;2
0;443,0,4;1
0;443,1,4;3
0;443,2,4;0
0;443,2,4;2
0;444,0,4;1
0;444,1,4;2
0;444,2,4;0
0;444,3,4;1
0;445,0,4;3
0;445,2,4;2
0;446,0,4;1
0;446,2,4;3
0;446,3,4;0
0;447,0,4;2
0;447,1,4;1
0;447,2,4;2
0;448,0,4;0
0;448,1,4;3
0;448,2,4;1
0;448,3,4;2
0;449,0,4;1
0;449,2,4;0
0;450,0,4;1
0;450,2,4;2
0;451,2,4;0
0;452,0,4;2
0;452,2,4;3
