bpm,180.0
offset,210
0;5,0,4;0
0;5,2,4;1
0;6,0,4;2
0;6,2,4;0
0;7,0,4;3
0;7,2,4;2
0;8,0,4;1
0;8,2,4;0
0;9,0,4;2
0;9,2,4;1
0;10,0,4;3
0;10,2,4;0
0;11,0,4;2
0;11,2,4;0
0;12,0,4;3
0;12,2,4;2
0;13,0,4;0
0;13,2,4;1
0;14,0,4;2
0;14,2,4;0
0;15,0,4;3
0;15,2,4;2
0;16,0,4;1
0;16,2,4;3
0;17,0,4;0
0;17,2,4;2
0;18,0,4;1
0;18,2,4;2
0;19,0,4;0
0;19,2,4;3
0;20,0,4;1
0;20,2,4;3
1;21,0,4;22,0,4;0
0;21,0,4;2
0;22,2,4;1
1;22,2,4;24,0,4;3
1;24,0,4;25,0,4;0
0;25,0,4;2
1;25,2,4;26,0,4;1
0;25,2,4;3
0;26,2,4;0
1;26,2,4;27,2,4;2
1;27,2,4;28,2,4;0
0;27,2,4;3
0;28,2,4;2
0;29,0,4;1
1;29,0,4;30,0,4;3
1;30,2,4;32,0,4;0
0;30,2,4;2
1;33,0,4;37,0,4;1
1;33,0,4;37,0,4;2
0;37,0,4;0
0;37,0,4;3
0;38,0,4;0
0;39,0,4;0
0;40,0,4;0
0;41,0,4;1
0;42,0,4;1
0;43,0,4;1
0;44,0,4;1
0;45,0,4;2
0;46,0,4;2
0;47,0,4;2
0;48,0,4;2
0;49,0,4;3
0;50,0,4;3
0;51,0,4;3
0;52,0,4;0
0;52,0,4;3
0;53,0,4;1
0;53,2,4;1
0;54,0,4;2
0;54,2,4;2
0;55,0,4;1
0;55,2,4;1
0;56,0,4;2
0;56,2,4;2
0;57,0,4;0
0;57,2,4;0
0;58,0,4;2
0;58,2,4;2
0;59,0,4;1
0;59,2,4;1
0;60,0,4;3
0;60,2,4;3
0;61,0,4;0
0;61,1,4;1
0;61,2,4;2
0;61,3,4;3
0;62,0,4;0
0;62,1,4;1
0;62,2,4;2
0;62,3,4;3
1;63,0,4;65,0,4;0
0;65,0,4;3
1;69,0,4;70,0,4;0
0;69,0,4;3
0;70,0,4;2
0;71,0,4;1
0;71,0,4;3
0;72,0,4;0
0;72,0,4;2
0;73,0,4;0
0;73,0,4;2
0;74,0,4;3
0;74,2,4;0
0;75,0,4;1
0;75,0,4;3
0;75,2,4;0
1;76,0,4;77,0,4;2
1;77,0,4;78,0,4;0
0;77,0,4;3
0;78,0,4;2
0;79,0,4;1
0;79,0,4;3
0;80,0,4;0
0;80,0,4;2
0;81,0,4;0
0;81,0,4;2
0;82,0,4;1
0;82,2,4;3
0;83,0,4;0
0;83,0,4;2
0;83,2,4;3
0;84,0,4;0
0;84,2,4;2
1;85,0,4;86,0,4;1
0;85,0,4;3
0;86,0,4;2
0;87,0,4;0
0;87,0,4;3
0;88,0,4;1
0;88,0,4;3
0;89,0,4;1
0;89,0,4;3
0;90,0,4;2
0;90,2,4;0
0;91,0,4;1
0;91,0,4;3
0;91,2,4;0
1;92,0,4;93,0,4;3
1;93,0,4;94,0,4;0
0;94,0,4;2
0;95,0,4;0
0;95,0,4;2
0;96,0,4;1
0;96,0,4;3
0;97,0,4;0
1;97,0,4;97,2,4;2
1;97,2,4;98,0,4;1
1;98,0,4;98,2,4;3
1;98,2,4;99,0,4;1
1;99,0,4;99,2,4;2
1;99,2,4;100,0,4;0
1;100,0,4;100,2,4;3
1;100,2,4;101,0,4;0
0;101,0,4;1
1;101,0,4;102,0,4;3
0;102,0,4;0
0;103,0,4;1
0;103,0,4;3
0;104,0,4;0
0;104,0,4;2
0;105,0,4;0
0;105,0,4;2
0;106,0,4;3
0;106,2,4;0
0;106,2,4;1
0;107,0,4;2
0;107,0,4;3
0;107,2,4;1
1;108,0,4;109,0,4;3
1;109,0,4;110,0,4;0
0;109,0,4;2
0;110,0,4;3
0;111,0,4;0
0;111,0,4;2
0;112,0,4;1
0;112,0,4;3
0;113,0,4;1
0;113,0,4;3
0;114,0,4;0
0;114,2,4;2
0;114,2,4;3
0;115,0,4;0
0;115,0,4;1
0;115,3,4;1
0;115,3,4;2
0;116,2,4;2
0;116,2,4;3
1;117,0,4;118,0,4;0
0;117,0,4;1
0;118,0,4;2
0;119,0,4;1
0;119,0,4;3
0;120,0,4;0
0;120,0,4;2
0;121,0,4;0
0;121,0,4;2
0;122,0,4;3
0;122,2,4;0
0;122,2,4;2
0;123,0,4;1
0;123,0,4;3
0;123,2,4;2
1;124,0,4;125,0,4;0
0;125,0,4;1
1;125,0,4;126,0,4;3
0;126,0,4;0
0;127,0,4;1
0;127,0,4;3
0;128,0,4;0
0;128,0,4;2
0;129,0,4;1
0;133,0,4;0
0;133,0,4;3
0;134,2,4;1
0;135,0,4;0
0;135,0,4;3
0;135,2,4;2
0;136,2,4;1
0;137,0,4;2
0;137,0,4;3
0;137,2,4;0
0;139,0,4;1
0;139,0,4;3
0;140,0,4;0
0;141,0,4;1
0;141,0,4;3
0;142,2,4;2
0;143,0,4;0
0;143,0,4;3
0;143,2,4;1
0;144,2,4;2
0;145,0,4;1
0;145,0,4;3
0;145,2,4;0
0;147,0,4;1
0;147,0,4;3
0;148,0,4;2
0;148,2,4;0
0;148,2,4;1
0;149,2,4;3
0;150,0,4;2
0;150,2,4;1
0;151,0,4;0
0;151,0,4;3
0;152,0,4;1
0;152,2,4;2
0;153,0,4;0
0;153,0,4;3
0;153,2,4;1
0;155,0,4;0
0;155,0,4;2
0;156,0,4;1
0;156,2,4;2
0;156,2,4;3
0;157,2,4;0
0;158,2,4;0
0;159,0,4;1
0;159,0,4;3
0;159,2,4;2
0;160,2,4;0
0;161,0,4;1
0;161,0,4;2
0;161,2,4;3
0;163,0,4;0
0;163,0,4;2
0;164,0,4;1
0;165,0,4;0
0;165,0,4;3
0;165,2,4;2
0;166,0,4;1
0;166,2,4;2
0;167,0,4;0
0;167,0,4;3
0;167,2,4;1
0;168,0,4;3
0;168,2,4;2
0;169,0,4;0
0;169,0,4;1
0;169,2,4;2
0;170,0,4;0
0;170,2,4;3
0;171,0,4;0
0;171,0,4;2
0;171,2,4;1
0;172,0,4;2
0;172,2,4;3
0;173,0,4;1
0;173,0,4;2
0;173,2,4;0
0;174,0,4;2
0;174,2,4;3
0;175,0,4;0
0;175,0,4;2
0;175,2,4;1
0;176,0,4;3
0;176,2,4;2
0;177,0,4;0
0;177,0,4;1
0;177,2,4;3
0;178,0,4;0
0;178,2,4;2
0;179,0,4;1
0;179,0,4;3
0;179,2,4;0
0;180,0,4;1
0;180,2,4;2
0;180,2,4;3
0;181,2,4;3
0;182,0,4;2
0;182,2,4;1
0;183,0,4;0
0;183,0,4;3
0;183,2,4;2
0;184,0,4;1
0;184,2,4;2
0;185,0,4;0
0;185,0,4;3
0;185,2,4;1
0;186,0,4;2
0;186,2,4;3
0;187,0,4;0
0;187,0,4;2
0;187,2,4;1
0;188,0,4;3
0;188,2,4;0
0;188,2,4;2
0;189,2,4;1
0;190,2,4;1
0;191,0,4;2
0;191,2,4;3
0;192,0,4;0
0;192,2,4;1
0;193,2,4;1
0;194,0,4;3
0;194,2,4;0
0;195,0,4;1
0;195,2,4;3
0;196,0,4;2
1;197,0,4;205,0,4;0
0;197,0,4;2
1;205,0,4;213,0,4;2
0;212,0,4;0
1;213,0,4;221,0,4;1
0;213,0,4;3
1;221,0,4;229,0,4;3
0;229,0,4;0
0;229,0,4;2
0;230,0,4;0
0;231,0,4;0
0;232,0,4;0
0;233,0,4;1
0;234,0,4;1
0;235,0,4;1
0;236,0,4;1
0;237,0,4;2
0;238,0,4;2
0;239,0,4;2
0;240,0,4;2
0;241,0,4;3
0;242,0,4;3
0;243,0,4;3
0;244,0,4;0
0;244,0,4;3
0;245,0,4;1
0;245,2,4;1
0;246,0,4;3
0;246,2,4;3
0;247,0,4;1
0;247,2,4;1
0;248,0,4;3
0;248,2,4;3
0;249,0,4;0
0;249,2,4;0
0;250,0,4;2
0;250,2,4;2
0;251,0,4;1
0;251,2,4;1
0;252,0,4;3
0;252,2,4;3
0;253,0,4;0
0;253,1,4;1
0;253,2,4;2
0;253,3,4;3
0;254,0,4;0
0;254,1,4;1
0;254,2,4;2
0;254,3,4;3
1;255,0,4;257,0,4;0
0;257,0,4;3
0;261,0,4;0
1;261,0,4;262,0,4;3
0;262,0,4;0
0;263,0,4;0
0;264,0,4;0
0;265,0,4;0
0;266,0,4;0
0;267,0,4;0
0;268,0,4;0
0;269,0,4;1
0;270,0,4;1
0;271,0,4;1
0;272,0,4;1
0;273,0,4;1
0;274,0,4;1
0;275,0,4;1
0;276,0,4;1
0;276,2,4;0
0;276,2,4;3
1;277,0,4;278,0,4;2
0;278,0,4;0
0;278,2,4;3
0;279,0,4;0
0;279,2,4;2
0;280,0,4;0
0;280,2,4;3
0;281,0,4;1
0;281,2,4;2
0;282,0,4;1
0;282,2,4;3
0;283,0,4;1
0;283,2,4;2
0;284,0,4;1
0;284,2,4;3
0;285,0,4;2
0;285,2,4;1
0;286,0,4;2
0;286,2,4;0
0;287,0,4;2
0;287,2,4;1
0;288,0,4;2
0;288,2,4;0
0;289,0,4;1
1;289,0,4;291,0,4;3
0;289,2,4;2
0;290,0,4;1
0;290,2,4;2
1;291,0,4;293,0,4;0
0;291,2,4;3
0;292,0,4;1
0;292,2,4;2
0;293,0,4;1
1;293,0,4;294,0,4;3
0;294,0,4;0
0;294,0,4;2
0;294,2,4;1
0;295,0,4;0
0;295,0,4;3
0;295,2,4;2
0;296,0,4;0
0;296,0,4;3
0;296,2,4;1
0;297,0,4;0
0;297,0,4;2
0;297,2,4;3
0;298,0,4;0
0;298,0,4;2
0;298,2,4;1
0;299,0,4;0
0;299,0,4;3
0;299,2,4;2
0;300,0,4;1
0;300,0,4;3
0;300,2,4;2
0;301,0,4;0
0;301,0,4;3
0;301,2,4;1
0;302,0,4;0
0;302,0,4;2
0;302,2,4;3
0;303,0,4;1
0;303,0,4;2
0;303,2,4;0
0;304,0,4;1
0;304,0,4;3
0;304,2,4;2
0;305,0,4;0
0;305,0,4;3
0;305,2,4;1
0;306,0,4;0
0;306,0,4;2
0;306,2,4;3
0;307,0,4;1
0;307,0,4;2
0;307,2,4;3
0;308,0,4;0
0;308,0,4;2
0;308,2,4;1
0;308,2,4;3
1;309,0,4;321,0,4;0
1;309,0,4;310,0,4;2
0;310,0,4;3
0;311,0,4;3
0;312,0,4;3
0;313,0,4;3
0;314,0,4;3
0;315,0,4;3
0;316,0,4;3
0;317,0,4;2
0;318,0,4;2
0;319,0,4;2
0;320,0,4;1
0;320,0,4;3
0;321,0,4;2
1;321,0,4;322,0,4;3
1;322,2,4;324,0,4;0
0;322,2,4;2
1;325,0,4;326,0,4;1
0;325,0,4;2
0;326,0,4;0
0;326,0,4;3
0;326,2,4;2
0;327,2,4;0
0;327,2,4;3
0;328,0,4;2
0;329,0,4;2
0;329,2,4;1
0;330,0,4;0
0;330,0,4;3
0;330,2,4;2
0;331,2,4;1
0;331,2,4;3
0;332,0,4;0
0;333,0,4;0
1;333,0,4;334,0,4;3
0;334,0,4;0
0;334,0,4;2
0;334,2,4;1
0;335,2,4;0
0;335,2,4;3
0;336,0,4;2
0;336,2,4;0
0;336,2,4;3
0;337,0,4;2
0;337,2,4;1
0;338,0,4;0
0;338,0,4;3
0;338,2,4;2
0;339,2,4;0
0;339,2,4;2
0;340,2,4;1
1;341,0,4;342,0,4;0
0;341,0,4;2
0;342,0,4;1
0;342,0,4;3
0;342,2,4;2
0;343,2,4;1
0;343,2,4;3
0;344,0,4;2
0;345,0,4;1
0;345,2,4;2
0;346,0,4;0
0;346,0,4;3
0;346,2,4;1
0;347,2,4;0
0;347,2,4;3
0;348,0,4;2
0;349,0,4;1
1;349,0,4;350,0,4;3
0;350,0,4;0
0;350,0,4;2
0;350,2,4;1
0;351,2,4;0
0;351,2,4;3
0;352,0,4;1
0;352,2,4;0
0;352,2,4;2
1;353,0,4;357,0,4;3
1;357,0,4;358,0,4;0
0;358,0,4;1
0;358,0,4;3
0;358,2,4;2
0;359,2,4;0
0;359,2,4;3
0;360,0,4;1
0;360,2,4;3
0;361,0,4;1
0;361,2,4;0
0;362,0,4;1
0;362,0,4;3
0;362,2,4;2
0;363,0,4;0
0;363,2,4;1
0;363,2,4;3
0;364,0,4;2
1;365,0,4;366,0,4;1
0;365,0,4;3
0;366,0,4;0
0;366,0,4;3
0;366,2,4;2
0;367,2,4;0
0;367,2,4;3
0;368,0,4;1
0;368,2,4;0
0;368,2,4;3
0;369,0,4;2
0;369,2,4;1
0;370,0,4;0
0;370,0,4;3
0;371,0,4;0
0;371,0,4;2
0;371,3,4;0
0;371,3,4;2
0;372,2,4;1
0;372,2,4;3
1;373,0,4;374,0,4;0
0;373,0,4;2
0;374,0,4;1
0;374,0,4;3
0;374,2,4;2
0;375,2,4;1
0;375,2,4;3
0;376,0,4;2
0;376,2,4;0
0;377,0,4;2
0;377,2,4;1
0;378,0,4;0
0;378,0,4;3
0;378,2,4;2
0;379,0,4;1
0;379,2,4;0
0;379,2,4;3
0;380,0,4;2
0;381,0,4;1
1;381,0,4;382,0,4;3
0;382,0,4;0
0;382,2,4;0
0;383,2,4;2
0;384,2,4;1
0;385,2,4;3
0;387,0,4;2
0;388,0,4;1
1;389,0,4;405,0,4;0
0;389,0,4;2
0;404,0,4;2
0;405,0,4;3
0;405,2,4;2
0;406,0,4;0
0;407,2,4;0
0;409,0,4;1
0;409,2,4;2
0;410,0,4;3
0;411,2,4;3
0;413,0,4;0
0;413,2,4;3
0;414,0,4;1
0;415,2,4;1
0;416,2,4;2
0;417,0,4;1
0;418,2,4;1
0;420,0,4;0
0;420,0,4;3
0;421,0,4;2
0;421,2,4;0
0;422,0,4;3
0;423,2,4;3
0;425,0,4;0
0;425,2,4;1
0;426,0,4;2
0;427,2,4;2
0;429,0,4;3
0;429,2,4;2
0;430,0,4;1
0;431,2,4;1
0;433,0,4;1
0;433,2,4;2
0;434,0,4;0
0;435,2,4;0
0;437,0,4;1
0;437,2,4;2
0;438,0,4;3
0;439,2,4;3
0;441,0,4;0
0;441,2,4;1
0;442,0,4;2
0;443,2,4;2
0;445,0,4;3
0;445,2,4;2
0;446,0,4;0
0;447,2,4;0
1;449,0,4;452,0,4;1
