bpm,200.0
offset,599
1;5,1,4;6,0,4;1
1;5,3,4;12,0,4;3
1;6,0,4;12,0,4;0
1;6,1,4;12,0,4;2
1;14,0,6;29,0,6;0
0;14,0,4;1
1;14,0,6;29,0,6;3
1;14,2,3;15,1,3;2
1;15,1,3;16,0,3;1
1;16,0,3;17,1,3;2
1;17,1,3;17,2,3;1
1;18,0,3;18,1,3;1
1;18,2,3;19,0,3;2
1;19,1,3;19,2,3;1
1;20,0,6;20,4,6;2
1;20,4,6;21,1,6;1
1;21,1,6;22,0,6;2
1;22,0,6;22,4,6;1
1;22,4,6;23,2,6;2
1;23,2,6;24,0,6;1
1;24,0,6;25,2,6;2
1;25,2,6;26,0,6;1
1;26,0,6;27,0,6;2
1;27,0,6;29,0,6;1
1;28,0,6;29,0,6;2
0;30,0,4;0
0;30,0,4;1
0;30,0,4;3
0;30,2,3;1
0;30,2,3;3
0;31,1,3;0
0;31,1,3;2
0;32,0,4;0
0;32,0,4;1
0;32,2,3;0
0;32,2,3;3
0;33,1,3;1
0;33,1,3;2
0;34,0,3;0
0;34,0,3;2
0;34,2,3;0
0;34,2,3;1
0;35,1,3;1
0;35,1,3;3
0;36,0,3;2
0;36,0,3;3
0;36,2,3;0
0;36,2,3;1
0;37,1,3;0
0;37,1,3;3
0;38,0,3;2
0;38,2,3;0
0;38,2,3;3
0;39,1,3;1
0;39,1,3;3
0;40,0,3;0
0;40,0,3;1
0;40,2,3;0
0;40,2,3;3
0;41,1,3;0
0;41,1,3;2
0;42,0,3;1
0;42,0,3;3
0;42,2,3;2
0;42,2,3;3
0;43,1,3;0
0;43,1,3;3
0;44,0,3;0
0;44,0,3;2
0;44,2,3;2
0;44,2,3;3
0;45,1,3;0
0;45,1,3;2
0;46,0,3;0
0;46,0,3;2
0;46,0,3;3
0;46,2,3;2
0;46,2,3;3
0;47,0,3;0
0;47,0,3;1
0;47,2,3;0
0;47,2,3;2
0;48,0,3;0
0;48,0,3;1
0;48,0,3;3
0;48,2,3;0
0;48,2,3;3
0;49,1,3;0
0;49,1,3;2
0;50,0,3;0
0;50,0,3;1
0;50,0,3;3
0;50,2,3;2
0;50,2,3;3
0;51,0,3;0
0;51,0,3;1
0;51,2,3;1
0;51,2,3;2
0;52,0,3;0
0;52,0,3;1
0;52,0,3;3
0;52,2,3;1
0;52,2,3;3
0;53,1,3;0
0;53,1,3;1
0;54,0,3;0
0;54,0,3;1
0;54,0,3;3
0;54,2,3;0
0;54,2,3;3
0;55,0,3;1
0;55,0,3;2
0;55,2,3;2
0;55,2,3;3
0;56,0,3;0
0;56,0,3;1
0;56,0,3;3
0;56,2,3;1
0;56,2,3;3
0;57,1,3;0
0;57,1,3;3
0;58,0,3;0
0;58,0,3;2
0;58,0,3;3
0;58,2,3;0
0;58,2,3;2
0;59,0,3;1
0;59,0,3;3
0;59,2,3;0
0;59,2,3;3
0;60,0,3;1
0;60,0,3;2
0;60,0,3;3
0;60,2,3;0
0;60,2,3;1
0;61,1,3;1
0;61,1,3;3
1;62,0,3;63,0,3;0
0;62,0,3;1
0;62,0,3;3
0;62,2,3;1
0;63,0,3;2
1;63,0,3;64,0,3;3
0;63,1,3;0
0;63,2,3;1
1;64,0,3;65,0,3;0
0;64,0,3;2
0;64,1,3;1
0;64,2,3;3
0;65,0,3;1
0;65,0,3;2
0;65,1,3;3
0;65,2,3;1
1;66,0,3;67,0,3;0
0;66,0,3;2
0;66,2,6;3
0;66,2,3;1
0;67,0,3;2
1;67,0,3;68,0,3;3
1;67,1,3;67,2,3;0
1;67,2,3;68,0,3;1
1;68,0,3;69,0,3;0
0;68,0,3;2
0;68,2,6;3
0;68,2,3;2
0;69,0,3;1
1;69,0,3;69,1,3;3
1;69,1,3;69,2,3;2
1;69,2,3;70,0,3;1
0;70,0,3;0
1;70,0,3;71,0,3;3
0;70,2,6;1
0;70,2,3;2
1;71,0,3;72,0,3;0
0;71,0,3;1
0;71,1,3;3
0;71,2,3;2
0;72,0,3;1
1;72,0,3;73,0,3;3
0;72,2,6;0
0;72,2,3;2
0;73,0,3;0
0;73,0,3;1
0;73,1,3;2
0;73,2,3;0
0;74,0,3;1
1;74,0,3;75,0,3;3
0;74,2,6;0
0;74,2,3;2
1;75,0,3;76,0,3;0
0;75,0,3;1
1;75,1,3;75,2,3;2
1;75,2,3;76,0,3;1
0;76,0,3;2
0;76,0,6;3
1;78,0,4;78,3,4;0
1;78,0,4;79,3,4;1
1;78,0,4;78,3,4;3
1;79,0,4;79,3,4;0
1;79,0,4;79,3,4;2
1;79,0,4;80,3,4;3
1;80,0,4;81,3,4;0
1;80,0,4;80,3,4;1
1;80,0,4;80,3,4;2
1;81,0,4;82,3,4;1
1;81,0,4;81,3,4;2
1;81,0,4;81,3,4;3
1;82,0,4;82,3,4;0
1;82,0,4;82,3,4;2
1;82,0,4;83,3,4;3
1;83,0,4;83,3,4;0
1;83,0,4;83,3,4;1
1;83,0,4;84,3,4;2
1;84,0,4;84,3,4;0
1;84,0,4;85,3,4;1
1;84,0,4;84,3,4;3
1;85,0,4;85,3,4;0
1;85,0,4;85,3,4;2
1;85,0,4;86,3,4;3
1;86,0,4;87,3,4;0
1;86,0,4;86,3,4;1
1;86,0,4;86,3,4;2
1;87,0,4;87,3,4;1
1;87,0,4;87,3,4;2
1;87,0,4;88,3,4;3
1;88,0,4;89,3,4;0
1;88,0,4;88,3,4;1
1;88,0,4;88,3,4;2
1;89,0,4;90,3,4;1
1;89,0,4;89,3,4;2
1;89,0,4;89,3,4;3
1;90,0,4;90,3,4;0
1;90,0,4;91,3,4;2
1;90,0,4;90,3,4;3
1;91,0,4;91,3,4;0
1;91,0,4;91,3,4;1
1;91,0,4;91,3,4;3
0;92,0,4;0
0;92,0,4;1
0;92,0,4;3
1;92,2,4;94,0,4;2
1;93,0,4;94,0,4;1
0;94,0,6;0
0;94,0,6;3
0;94,1,6;1
0;94,2,6;2
0;94,3,6;3
0;94,4,6;0
0;94,5,6;2
0;95,0,6;1
0;95,1,6;3
0;95,2,6;0
0;95,3,6;2
0;95,4,6;1
0;95,5,6;3
0;96,0,6;2
0;96,1,6;0
0;96,2,6;3
0;96,3,6;2
0;96,4,6;1
0;96,5,6;3
0;97,0,6;0
0;97,1,6;1
0;97,2,6;3
0;97,3,6;2
0;97,4,6;1
0;97,5,6;0
1;98,0,6;102,0,6;2
0;98,0,6;3
1;102,0,4;103,0,4;0
0;102,0,4;1
0;102,0,4;3
1;102,2,4;103,0,4;2
1;103,0,4;103,2,4;1
0;103,0,4;3
0;103,2,4;0
1;103,2,4;104,0,4;2
0;104,0,4;0
0;104,0,4;1
1;104,0,4;105,0,4;3
0;104,2,4;1
0;105,0,4;0
1;105,0,4;105,2,4;2
1;105,2,4;106,0,4;1
0;105,2,4;3
1;106,0,4;107,0,4;0
0;106,0,4;2
0;106,0,4;3
0;106,2,4;3
1;107,0,4;107,2,4;1
0;107,0,4;2
0;107,2,4;0
1;107,2,4;108,0,4;2
0;108,0,4;0
0;108,0,4;1
1;108,0,4;109,0,4;3
0;108,2,4;2
0;109,0,4;0
1;109,0,4;109,2,4;1
1;109,2,4;110,0,4;2
0;109,2,4;3
1;110,0,4;111,0,4;0
0;110,0,4;1
0;110,0,4;3
1;110,2,4;111,0,4;1
1;111,0,4;111,2,4;2
0;111,0,4;3
0;111,2,4;0
1;111,2,4;112,0,4;1
0;112,0,4;0
0;112,0,4;2
1;112,0,4;113,0,4;3
0;112,2,4;0
0;113,0,4;1
1;113,0,4;113,2,4;2
1;113,2,4;114,0,4;1
0;113,2,4;3
1;114,0,4;115,0,4;0
0;114,0,4;2
0;114,0,4;3
0;114,2,4;3
1;115,0,4;115,2,4;1
0;115,0,4;2
0;115,2,4;0
1;115,2,4;116,0,4;2
0;116,0,4;0
0;116,0,4;1
1;116,0,4;117,0,4;3
0;116,2,4;1
1;117,0,4;117,2,4;1
0;117,0,4;2
1;117,2,4;118,0,4;2
0;117,2,4;3
1;118,0,4;119,0,4;0
0;118,0,4;1
0;118,0,4;3
1;118,2,4;119,0,4;1
1;119,0,4;119,2,4;2
0;119,0,4;3
0;119,2,4;0
1;119,2,4;120,0,4;1
1;120,0,4;121,0,4;0
0;120,0,4;2
1;120,0,4;120,2,4;3
0;120,2,4;1
1;121,0,4;121,2,4;2
0;121,0,4;3
1;121,2,4;122,0,4;1
0;121,2,4;3
0;122,0,4;0
0;122,0,4;2
1;122,0,4;123,0,4;3
0;122,2,4;0
1;123,0,4;123,2,4;1
0;123,0,4;2
0;123,2,4;0
1;123,2,4;124,0,4;2
1;124,0,4;125,0,4;0
0;124,0,4;1
0;124,0,4;3
0;124,2,4;2
1;125,0,4;125,2,4;2
1;125,0,4;125,1,4;3
1;125,2,4;125,3,4;0
1;125,2,4;126,0,4;1
0;126,0,4;0
0;126,0,4;2
1;126,0,4;127,0,4;3
1;126,2,4;126,3,4;1
1;127,0,4;127,1,4;0
1;127,0,4;127,2,4;2
1;127,2,4;128,0,4;1
1;127,2,4;127,3,4;3
1;128,0,4;129,0,4;0
1;128,0,4;128,1,4;2
0;128,0,4;3
0;128,2,4;3
1;129,0,4;129,2,4;1
0;129,0,4;3
0;129,2,4;0
1;129,2,4;130,0,4;2
0;130,0,4;0
1;130,0,4;130,1,4;1
1;130,0,4;131,0,4;3
0;130,2,4;2
0;131,0,4;0
1;131,0,4;131,2,4;1
1;131,2,4;132,0,4;2
0;131,2,4;3
1;132,0,4;132,2,4;0
1;132,0,4;132,1,4;1
1;132,2,4;132,3,4;1
1;132,2,4;133,0,4;3
1;133,0,4;133,1,4;1
1;133,0,4;133,2,4;2
1;133,2,4;134,0,4;0
1;133,2,4;133,3,4;1
0;134,0,3;1
0;134,0,3;2
0;134,0,3;3
0;134,1,3;3
0;134,2,3;2
0;135,0,3;0
0;135,0,3;1
0;135,1,3;2
0;135,1,3;3
0;135,2,3;1
0;136,0,3;0
0;136,0,3;2
0;136,0,3;3
0;136,1,3;1
0;136,2,3;3
0;137,0,3;0
0;137,0,3;1
0;137,1,3;2
0;137,1,3;3
0;137,2,3;0
0;137,2,3;1
0;138,0,3;1
0;138,0,3;2
0;138,0,3;3
0;138,1,3;0
0;138,2,3;2
0;139,0,3;1
0;139,0,3;3
0;139,1,3;0
0;139,1,3;2
0;139,2,3;1
0;139,2,3;3
0;140,0,3;0
0;140,0,3;1
0;140,0,3;2
0;140,1,3;3
0;140,2,3;2
0;141,0,3;0
0;141,0,3;1
0;141,1,3;2
0;141,1,3;3
0;141,2,3;0
0;141,2,3;1
0;142,0,3;0
0;142,0,3;2
0;142,0,3;3
0;142,1,3;1
0;142,2,3;0
0;143,0,3;2
0;143,0,3;3
0;143,1,3;0
0;143,1,3;1
0;143,2,3;2
0;143,2,3;3
0;144,0,3;0
0;144,0,3;1
0;144,0,3;3
0;144,1,3;2
0;144,2,3;0
0;145,0,3;1
0;145,0,3;3
0;145,1,3;0
0;145,1,3;2
0;145,2,3;1
0;145,2,3;3
0;146,0,3;0
0;146,0,3;1
0;146,0,3;2
0;146,1,3;3
0;146,2,3;2
0;147,0,3;0
0;147,0,3;1
0;147,1,3;2
0;147,1,3;3
0;147,2,3;0
0;147,2,3;1
0;148,0,3;0
0;148,0,3;2
0;148,0,3;3
0;148,1,3;1
0;148,2,3;3
0;149,0,3;0
0;149,0,3;2
0;149,1,3;1
0;149,1,3;3
0;149,2,3;0
0;149,2,3;2
0;150,0,3;0
0;150,0,3;1
0;150,0,3;3
0;150,1,3;2
0;150,2,3;1
0;151,0,3;2
0;151,0,3;3
0;151,1,3;0
0;151,1,3;1
0;151,2,3;2
0;151,2,3;3
0;152,0,3;0
0;152,0,3;1
0;152,0,3;2
0;152,1,3;3
0;152,2,3;1
0;153,0,3;0
0;153,0,3;3
0;153,1,3;1
0;153,1,3;2
0;153,2,3;0
0;153,2,3;3
0;154,0,3;0
0;154,0,3;1
0;154,0,3;2
0;154,1,3;2
0;154,2,3;1
0;155,0,3;2
0;155,0,3;3
0;155,1,3;0
0;155,1,3;1
0;155,2,3;3
0;156,0,3;0
0;156,0,3;1
0;156,0,3;2
0;156,1,3;2
0;156,2,3;1
0;157,0,3;2
0;157,0,3;3
0;157,1,3;0
0;157,1,3;1
0;157,2,3;2
0;157,2,3;3
0;158,0,3;0
0;158,0,3;1
0;158,0,3;3
0;158,1,3;1
0;158,2,3;3
0;159,0,3;0
0;159,0,3;1
0;159,1,3;2
0;159,1,3;3
0;159,2,3;1
0;160,0,3;0
0;160,0,3;2
0;160,0,3;3
0;160,1,3;1
0;160,2,3;0
0;161,0,3;2
0;161,0,3;3
0;161,1,3;0
0;161,1,3;1
0;161,2,3;2
0;161,2,3;3
1;162,0,4;163,0,4;0
1;162,1,8;163,0,8;1
1;163,0,12;163,6,12;2
1;163,0,12;164,1,12;3
1;164,0,12;164,6,12;2
1;164,1,12;164,6,12;1
1;164,2,12;164,6,12;0
1;165,0,24;165,12,24;0
1;165,1,24;165,11,24;1
1;165,2,24;165,10,24;2
1;165,3,24;165,8,24;3
0;166,0,4;0
0;166,0,3;1
0;166,0,3;3
0;166,1,3;3
0;166,2,3;2
0;167,0,3;0
0;167,0,3;1
0;167,0,3;3
0;167,1,3;2
0;167,2,3;0
0;168,0,3;0
0;168,0,3;2
0;168,0,3;3
0;168,1,3;1
0;168,2,3;2
0;169,0,3;0
0;169,0,3;1
0;169,0,3;3
0;169,1,3;2
0;169,2,3;0
0;170,0,3;1
0;170,0,3;2
0;170,0,3;3
0;170,1,3;1
0;170,2,3;2
0;171,0,3;0
0;171,0,3;1
0;171,0,3;3
0;171,1,3;2
0;171,2,3;0
0;172,0,3;1
0;172,0,3;2
0;172,0,3;3
0;172,1,3;0
0;172,2,3;2
0;173,0,3;0
0;173,0,3;1
0;173,0,3;3
0;173,1,3;2
0;173,1,3;3
0;173,2,3;0
0;173,2,3;1
0;174,0,3;0
0;174,0,3;2
0;174,0,3;3
0;174,1,3;1
0;174,2,3;3
0;175,0,3;0
0;175,0,3;1
0;175,0,3;3
0;175,1,3;2
0;175,2,3;1
0;176,0,3;0
0;176,0,3;2
0;176,0,3;3
0;176,1,3;2
0;176,2,3;1
0;177,0,3;0
0;177,0,3;2
0;177,0,3;3
0;177,1,3;1
0;177,2,3;2
0;178,0,3;0
0;178,0,3;1
0;178,0,3;3
0;178,1,3;1
0;178,2,3;0
0;179,0,3;1
0;179,0,3;2
0;179,0,3;3
0;179,1,3;3
0;179,2,3;1
0;180,0,3;0
0;180,0,3;2
0;180,0,3;3
0;180,1,3;1
0;180,2,3;0
0;181,0,3;1
0;181,0,3;2
0;181,0,3;3
0;181,1,3;0
0;181,1,3;1
0;181,2,3;2
0;181,2,3;3
0;182,0,3;0
0;182,0,3;1
0;182,0,3;3
0;182,1,3;0
0;182,2,3;2
0;183,0,3;0
0;183,0,3;1
0;183,0,3;3
0;183,1,3;1
0;183,2,3;2
0;184,0,3;0
0;184,0,3;1
0;184,0,3;3
0;184,1,3;2
0;184,2,3;0
0;185,0,3;1
0;185,0,3;2
0;185,0,3;3
0;185,1,3;0
0;185,2,3;3
0;186,0,3;0
0;186,0,3;1
0;186,0,3;3
0;186,1,3;2
0;186,2,3;0
0;187,0,3;1
0;187,0,3;2
0;187,0,3;3
0;187,1,3;3
0;187,2,3;1
0;188,0,3;0
0;188,0,3;2
0;188,0,3;3
0;188,1,3;1
0;188,2,3;2
0;189,0,3;0
0;189,0,3;1
0;189,0,3;3
0;189,1,3;2
0;189,1,3;3
0;189,2,3;0
0;189,2,3;1
0;190,0,3;0
0;190,0,3;2
0;190,0,3;3
0;190,1,3;1
0;190,2,3;3
0;191,0,3;0
0;191,0,3;1
0;191,0,3;3
0;191,1,3;2
0;191,2,3;0
0;192,0,3;1
0;192,0,3;2
0;192,0,3;3
0;192,1,3;0
0;192,2,3;2
0;193,0,3;0
0;193,0,3;1
0;193,0,3;3
0;193,1,3;1
0;193,2,3;3
0;194,0,3;0
0;194,0,3;1
0;194,0,3;2
0;194,1,3;3
0;194,2,3;3
0;195,0,3;0
0;195,0,3;1
0;195,2,6;2
0;195,1,3;3
0;195,2,3;0
0;195,2,3;1
0;196,0,3;0
0;196,0,3;3
0;196,1,3;3
0;196,2,3;3
0;197,0,12;0
1;197,0,4;197,1,4;2
1;197,2,4;197,3,4;0
0;197,2,4;1
0;197,3,4;2
0;198,0,3;0
0;198,0,3;1
0;198,0,3;3
0;198,1,4;2
0;198,2,4;3
0;198,3,4;3
0;199,0,4;0
0;199,0,4;1
0;199,1,4;3
0;199,2,4;1
0;199,3,4;3
0;200,0,4;1
0;200,0,4;2
0;200,1,4;3
0;200,2,4;0
0;200,3,4;3
0;201,0,4;0
0;201,0,4;1
0;201,1,4;2
0;201,2,4;1
0;201,3,4;3
0;202,0,4;0
0;202,0,4;2
0;202,1,4;1
0;202,4,8;3
0;202,5,8;2
0;202,6,8;1
0;202,7,8;0
0;203,0,4;2
0;203,0,4;3
0;203,1,4;1
0;203,2,4;3
0;203,3,4;1
0;204,0,4;0
0;204,0,4;2
0;204,0,4;3
0;204,1,4;1
0;204,2,4;2
0;204,3,4;0
0;205,0,4;2
0;205,0,4;3
0;205,1,4;0
0;205,2,4;3
0;205,4,6;2
0;205,5,6;1
0;206,0,4;2
0;206,0,4;3
0;206,1,4;0
0;206,2,4;1
0;206,3,4;2
0;206,3,4;3
0;207,0,4;0
0;207,0,4;1
0;207,1,4;2
0;207,1,4;3
0;207,2,4;1
0;207,3,4;2
0;208,0,4;0
0;208,0,4;3
0;208,1,4;1
0;208,2,4;3
0;208,3,4;1
0;209,0,4;2
0;209,0,4;3
0;209,1,4;0
0;209,2,4;3
0;209,3,4;0
0;210,0,4;1
0;210,0,4;3
0;210,1,4;2
0;210,2,4;0
0;210,2,4;1
0;210,3,4;3
0;211,0,4;1
0;211,0,4;2
0;211,1,4;0
0;211,2,4;3
0;211,3,4;0
0;212,0,4;1
0;212,0,4;2
0;212,1,4;0
0;212,2,4;3
0;212,3,4;0
0;213,0,4;2
0;213,0,4;3
0;213,1,4;1
0;213,2,4;2
0;213,3,4;3
0;214,0,4;0
0;214,0,4;1
0;214,0,4;2
0;214,1,4;3
0;214,2,4;0
0;214,3,4;0
0;215,0,4;2
0;215,0,4;3
0;215,1,4;0
0;215,2,4;2
0;215,3,4;0
0;216,0,4;1
0;216,0,4;2
0;216,0,4;3
0;216,1,4;0
0;216,2,4;2
0;216,3,4;0
0;217,0,4;2
0;217,0,4;3
0;217,1,4;1
0;217,2,4;2
0;217,3,4;1
0;218,0,4;0
0;218,0,4;2
0;218,0,4;3
0;218,1,4;1
0;218,2,4;3
0;218,3,4;2
0;219,0,4;0
0;219,0,4;3
0;219,1,4;2
0;219,2,4;0
0;219,2,4;1
0;219,3,4;2
0;219,3,4;3
0;220,0,4;0
0;220,0,4;1
0;220,1,4;2
0;220,2,4;3
0;220,3,4;0
0;221,0,4;1
0;221,0,4;2
0;221,1,4;3
0;221,3,6;0
0;221,4,6;1
0;221,5,6;2
0;222,0,4;0
0;222,0,4;1
0;222,0,4;3
0;222,1,4;2
0;222,2,4;1
0;222,3,4;0
0;223,0,4;2
0;223,0,4;3
0;223,1,4;0
0;223,1,4;1
0;223,2,4;2
0;223,2,4;3
0;223,3,4;1
0;224,0,4;0
0;224,0,4;3
0;224,1,4;2
0;224,2,4;1
0;224,3,4;2
0;225,0,4;0
0;225,0,4;1
0;225,1,4;2
0;225,2,4;0
0;225,2,4;3
1;226,0,4;227,0,4;0
1;226,0,4;227,0,4;2
0;226,1,8;1
1;227,0,8;227,4,8;1
1;227,1,8;227,3,8;3
1;227,4,8;228,0,8;2
1;227,5,8;227,7,8;0
1;228,0,8;228,2,8;1
1;228,0,8;228,4,8;3
1;228,4,8;228,6,8;0
1;228,4,8;229,0,8;1
0;229,0,8;0
0;229,0,8;2
0;229,0,8;3
0;230,0,4;0
0;230,0,4;1
0;230,0,4;3
0;231,2,4;0
0;232,0,4;1
0;232,0,4;3
0;233,2,4;0
0;233,2,4;2
0;234,0,4;2
0;234,0,4;3
0;234,3,4;1
0;234,3,4;2
0;235,2,4;2
0;235,2,4;3
0;236,0,4;0
0;236,0,4;1
0;238,0,4;0
0;238,0,4;3
0;239,2,4;0
0;240,0,4;1
0;240,0,4;3
0;241,2,4;2
0;241,2,4;3
0;242,0,4;0
0;242,0,4;1
0;242,3,4;0
0;242,3,4;2
0;243,2,4;2
0;243,2,4;3
0;244,0,4;0
0;244,0,4;2
0;245,0,4;1
0;245,1,4;2
0;245,2,4;1
0;245,3,4;2
0;246,0,4;0
0;246,0,4;1
0;246,0,6;3
0;247,0,4;0
0;247,1,3;1
0;247,1,3;3
0;248,0,6;0
0;248,0,6;1
0;248,0,6;2
0;249,0,3;1
0;249,1,3;2
0;249,1,3;3
0;250,0,6;1
0;250,0,6;2
0;250,0,6;3
0;250,2,3;2
0;250,2,3;3
0;251,0,4;1
0;251,1,3;0
0;251,1,3;2
0;252,0,6;1
0;252,0,6;2
0;252,0,6;3
0;252,2,3;1
0;252,2,3;3
0;253,0,6;0
0;253,1,3;1
0;253,1,3;2
0;254,0,6;0
0;254,0,6;3
0;254,2,6;2
0;254,4,6;1
0;255,0,6;2
0;255,0,6;3
0;255,2,6;0
0;255,4,6;2
0;256,0,6;1
0;256,0,6;3
0;256,2,6;0
0;256,4,6;1
0;257,0,6;2
0;257,0,6;3
0;257,2,6;0
0;257,4,6;1
0;258,0,6;0
0;258,0,4;2
0;258,0,6;3
0;258,2,3;2
0;258,2,3;3
0;259,1,3;1
0;259,1,3;2
0;260,0,6;0
0;260,0,6;1
0;260,0,6;3
0;260,2,3;1
0;260,2,3;2
0;260,2,3;3
0;261,1,3;0
0;261,1,3;2
0;262,0,3;0
0;262,0,3;1
0;262,0,3;3
0;262,2,3;0
0;262,2,3;1
0;262,2,3;3
0;263,0,3;2
0;263,1,3;0
0;263,1,3;3
0;263,2,3;1
0;264,0,3;2
0;264,0,3;3
0;264,2,3;0
0;264,2,3;1
0;264,2,3;2
0;265,1,3;0
0;265,1,3;2
0;265,1,3;3
0;266,0,3;0
0;266,0,3;1
0;266,0,3;3
0;266,2,3;0
0;266,2,3;1
0;267,0,3;2
0;267,1,3;0
0;267,1,3;3
0;267,2,3;1
0;268,0,3;2
0;268,0,3;3
0;268,1,3;0
0;268,2,3;1
0;268,2,3;2
0;268,2,3;3
0;269,2,6;0
0;269,1,3;3
0;270,0,3;0
0;270,0,3;1
0;270,0,3;2
0;270,2,3;1
0;270,2,3;2
0;270,2,3;3
0;271,1,3;0
0;271,1,3;3
0;271,2,3;2
0;272,0,3;0
0;272,0,3;1
0;272,1,3;2
0;272,2,3;0
0;272,2,3;1
0;272,2,3;3
0;273,1,3;1
0;273,1,3;2
0;273,1,3;3
0;274,0,3;0
0;274,0,3;2
0;274,0,3;3
0;274,1,3;1
0;274,2,3;2
0;274,2,3;3
0;275,0,3;1
0;275,1,3;0
0;275,1,3;3
0;275,2,3;2
0;276,0,3;1
0;276,0,3;3
0;276,1,3;0
0;276,2,3;1
0;276,2,3;2
0;276,2,3;3
0;277,1,3;0
0;277,1,3;2
0;278,0,3;0
0;278,0,3;1
0;278,0,3;3
0;278,1,3;1
0;278,2,3;0
0;278,2,3;2
0;278,2,3;3
0;279,0,3;1
0;279,0,3;3
0;279,1,3;2
0;279,2,3;0
0;279,2,3;1
0;280,0,3;1
0;280,0,3;3
0;280,2,3;0
0;280,2,3;1
0;280,2,3;2
0;281,1,3;1
0;281,1,3;2
0;281,1,3;3
0;282,0,3;0
0;282,0,3;1
0;282,0,3;2
0;282,1,3;3
0;282,2,3;0
0;282,2,3;2
0;283,0,3;1
0;283,0,3;2
0;283,1,3;3
0;283,2,3;0
0;283,2,3;2
0;284,0,3;0
0;284,0,3;1
0;284,2,3;0
0;284,2,3;1
0;284,2,3;3
0;285,1,3;0
0;285,1,3;2
0;286,0,3;0
0;286,0,3;1
0;286,0,3;3
0;286,1,3;2
0;286,2,3;0
0;286,2,3;1
0;286,2,3;2
0;287,0,3;0
0;287,0,3;3
0;287,1,3;2
0;287,2,3;0
0;287,2,3;1
0;288,0,3;1
0;288,0,3;3
0;288,2,3;0
0;288,2,3;1
0;288,2,3;2
0;289,1,3;0
0;289,1,3;2
0;289,1,3;3
0;290,0,3;0
0;290,0,3;1
0;290,0,3;3
0;290,1,3;2
0;290,1,3;3
0;290,2,3;0
0;290,2,3;1
0;291,0,3;2
0;291,0,3;3
0;291,1,3;1
0;291,1,3;2
0;291,2,3;0
0;291,2,3;1
0;292,0,3;0
0;292,0,3;2
0;292,0,3;3
0;292,1,3;1
0;292,1,3;2
0;292,2,3;0
0;292,2,3;3
0;293,0,3;1
0;293,0,3;2
1;293,0,3;293,2,3;3
1;293,1,3;294,0,3;0
1;293,2,3;294,1,3;2
1;294,0,3;294,2,3;1
1;294,1,3;295,0,3;3
1;294,2,3;295,1,3;0
1;295,0,3;295,2,3;2
1;295,1,3;296,0,3;1
1;295,2,3;296,1,3;3
1;296,0,3;296,2,3;0
1;296,1,3;297,0,3;2
1;296,2,3;297,1,3;1
1;297,0,3;297,2,3;3
1;297,1,3;298,0,3;0
1;297,2,3;298,1,3;2
1;298,0,3;298,2,3;1
1;298,1,3;299,0,3;3
1;298,2,3;299,1,3;0
1;299,0,3;299,2,3;1
1;299,1,3;300,0,3;2
1;299,2,3;300,1,3;3
1;300,0,3;300,2,3;0
1;300,1,3;301,0,3;2
1;300,2,3;301,1,3;1
1;301,0,3;301,2,3;3
1;301,1,3;302,0,3;0
1;301,2,3;302,1,3;2
1;302,0,3;302,2,3;1
1;302,1,3;303,0,3;3
1;302,2,3;303,1,3;2
1;303,0,3;303,2,3;1
1;303,1,3;304,0,3;0
1;303,2,3;304,1,3;3
1;304,0,3;304,2,3;1
1;304,1,3;305,0,3;2
1;304,2,3;305,1,3;0
1;305,0,3;305,2,3;3
1;305,1,3;306,0,3;1
1;305,2,3;306,1,3;2
1;306,0,3;306,2,3;3
1;306,1,3;307,0,3;0
1;306,2,3;307,1,3;2
1;307,0,3;307,2,3;1
1;307,1,3;308,0,3;3
1;307,2,3;308,1,3;2
1;308,0,3;308,2,3;0
1;308,1,3;309,0,3;3
1;308,3,4;309,0,4;1
1;309,0,4;309,1,4;0
1;309,0,4;310,0,4;2
1;309,1,3;310,0,3;1
0;311,0,4;3
0;313,0,4;3
0;315,0,4;3
0;317,0,4;3
0;319,0,4;3
0;321,0,4;3
1;323,0,4;324,0,4;0
0;323,0,4;1
0;323,0,4;2
1;323,0,4;325,0,4;3
0;325,0,6;0
0;325,0,6;1
0;325,1,6;2
0;325,2,6;0
0;325,3,6;2
0;325,4,6;3
0;325,5,6;0
0;326,0,6;1
0;326,1,6;2
0;326,2,6;0
0;326,3,6;3
0;326,4,6;1
0;326,5,6;0
1;327,0,3;328,1,3;1
1;327,0,3;327,2,3;2
1;327,0,3;329,0,3;3
0;328,0,3;0
0;328,0,3;2
0;328,1,3;0
1;328,2,3;329,1,3;1
0;328,2,3;2
0;329,0,3;0
1;329,0,3;329,2,3;2
1;329,1,3;330,0,3;3
1;329,2,3;330,0,3;1
0;330,0,3;0
1;330,0,3;330,2,3;2
1;330,2,4;331,0,4;1
1;330,2,4;331,0,4;3
0;331,0,3;0
0;331,0,3;2
1;332,0,4;332,2,4;1
1;332,2,4;333,0,4;0
0;333,0,6;2
0;333,0,6;3
0;333,1,6;1
0;333,2,6;0
0;333,3,6;3
0;333,4,6;0
0;333,5,6;2
0;334,0,6;1
0;334,1,6;0
0;334,2,6;3
0;334,3,6;2
0;334,4,6;1
0;334,5,6;3
1;335,0,3;337,0,3;0
1;335,0,3;335,2,3;1
1;335,0,3;336,1,3;2
1;336,0,3;336,2,3;1
0;336,0,3;3
0;336,1,3;3
1;336,2,3;337,1,3;2
1;337,0,3;337,2,3;1
0;337,0,3;3
1;337,1,3;338,0,3;0
1;337,2,3;338,0,3;2
0;337,4,6;3
1;338,0,3;338,2,3;1
0;338,0,3;3
1;338,2,4;339,0,4;0
1;338,2,4;339,0,4;2
0;339,0,3;1
0;339,0,3;3
1;339,2,3;340,0,3;3
1;340,0,3;341,0,3;2
1;340,1,4;340,3,4;0
1;340,2,3;341,0,3;3
0;341,0,3;0
0;341,0,3;1
0;341,1,6;2
0;341,2,6;3
0;341,3,6;0
0;341,4,6;2
0;341,5,6;3
0;342,0,6;1
0;342,1,6;2
0;342,2,6;3
0;342,3,6;0
0;342,4,6;1
0;342,5,6;0
1;343,0,3;344,1,3;1
1;343,0,3;343,2,3;2
1;343,0,3;345,0,3;3
0;344,0,3;0
0;344,0,3;2
0;344,1,3;0
1;344,2,3;345,1,3;1
0;344,2,3;2
0;345,0,3;0
1;345,0,3;345,2,3;2
1;345,1,3;346,0,3;3
1;345,2,3;346,0,3;1
0;346,0,3;0
1;346,0,3;346,2,3;2
1;346,2,4;347,0,4;1
1;346,2,4;347,0,4;3
0;347,0,3;0
0;347,0,3;2
1;347,2,3;348,1,3;3
1;348,0,3;348,2,3;2
1;348,1,3;349,0,3;1
1;349,0,6;349,4,6;0
0;349,0,3;2
0;349,0,3;3
0;349,1,6;1
0;349,2,6;3
0;349,3,6;2
1;349,4,6;350,2,6;1
0;349,4,6;3
0;350,0,6;0
0;350,1,6;3
0;350,2,6;0
1;350,2,6;351,0,6;2
0;350,3,6;1
0;350,4,6;3
0;351,0,6;0
0;351,0,6;1
1;351,0,6;351,4,6;3
0;351,1,6;2
0;351,2,6;0
0;351,3,6;2
1;351,4,6;352,2,6;0
0;351,4,6;1
0;352,0,6;3
0;352,1,6;2
1;352,2,6;353,0,6;1
0;352,2,6;3
0;352,3,6;2
0;352,4,6;0
0;353,0,6;0
0;353,0,6;3
0;353,1,6;2
0;353,2,6;1
0;353,3,6;2
0;353,4,6;3
0;353,5,6;0
0;354,0,6;2
0;354,0,6;3
0;354,1,6;1
0;354,2,6;2
0;354,3,6;3
0;354,4,6;0
0;354,5,6;1
0;355,0,6;0
0;355,0,6;2
0;355,0,6;3
1;355,4,6;356,0,6;3
1;356,0,6;357,0,6;2
1;356,2,6;356,4,6;0
0;356,2,6;3
1;356,4,6;357,0,6;1
0;357,0,6;0
0;357,0,6;3
0;357,1,6;2
0;357,2,6;1
0;357,3,6;3
0;357,4,6;2
0;357,5,6;0
0;358,0,6;2
0;358,1,6;1
0;358,2,6;3
0;358,3,6;1
0;358,4,6;2
0;358,5,6;3
1;359,0,3;361,0,3;0
1;359,0,3;359,2,3;1
1;359,0,3;360,1,3;2
0;360,0,3;1
0;360,0,3;3
0;360,1,3;3
0;360,2,3;1
1;360,2,3;361,2,3;2
1;361,0,3;361,1,3;1
0;361,0,3;3
1;361,1,3;362,0,3;0
1;361,2,3;362,0,3;1
1;362,0,3;362,2,3;2
0;362,0,3;3
1;362,2,4;363,0,4;0
1;362,2,4;363,0,4;1
0;363,0,3;2
0;363,0,3;3
1;364,0,6;364,1,6;3
1;364,1,6;364,2,6;2
1;364,2,6;364,3,6;1
1;364,3,6;364,4,6;0
1;364,4,6;365,0,6;2
0;365,0,6;0
0;365,0,6;3
0;365,1,6;1
0;365,2,6;2
0;365,3,6;0
0;365,4,6;3
0;365,5,6;1
0;366,0,6;3
0;366,1,6;0
0;366,2,6;1
0;366,3,6;3
0;366,4,6;2
0;366,5,6;0
1;367,0,3;368,1,3;1
1;367,0,3;367,2,3;2
1;367,0,3;369,0,3;3
0;368,0,3;0
0;368,0,3;2
0;368,1,3;2
0;368,2,3;0
1;368,2,3;369,2,3;1
0;369,0,3;0
1;369,0,3;369,1,3;2
1;369,1,3;370,0,3;3
0;369,2,3;0
1;369,2,3;370,0,3;2
0;370,0,3;0
1;370,0,3;370,2,3;1
1;370,2,4;371,0,4;2
1;370,2,4;371,0,4;3
0;371,0,3;0
0;371,0,3;1
1;371,2,3;372,1,3;0
1;372,0,6;372,2,6;3
1;372,1,3;373,0,3;1
1;372,4,6;373,0,6;2
0;373,0,6;0
0;373,0,6;3
0;373,1,6;1
0;373,2,6;3
0;373,4,8;0
0;373,4,6;1
0;373,4,6;2
0;373,5,6;3
0;374,0,6;0
0;374,1,6;3
0;374,2,6;0
0;374,2,6;2
0;374,3,6;1
0;374,4,6;2
0;374,4,6;3
0;374,5,6;1
0;375,0,6;0
0;375,0,6;2
0;375,0,6;3
0;375,1,6;1
0;375,2,6;3
0;375,3,6;2
0;375,2,3;0
0;375,4,6;1
0;376,2,6;0
0;376,2,6;3
0;376,3,6;2
0;376,4,6;0
0;376,4,6;1
0;376,5,6;3
0;377,0,8;0
0;377,0,8;1
0;377,0,6;2
0;377,1,6;3
0;377,2,6;2
0;377,3,6;0
0;377,4,6;1
0;377,4,6;2
0;377,5,6;3
0;378,0,6;0
0;378,1,6;2
0;378,2,6;0
0;378,2,6;1
0;378,3,6;2
0;378,4,6;1
0;378,4,6;3
0;378,5,6;0
0;379,0,6;1
0;379,0,6;2
1;379,0,6;379,2,6;3
0;379,4,6;0
0;379,4,6;1
1;380,0,6;380,2,6;0
0;380,0,6;2
0;380,0,6;3
0;380,2,6;2
0;380,2,6;3
0;380,4,6;1
0;380,4,6;2
1;381,0,4;385,0,4;0
0;381,0,6;1
0;381,0,6;3
1;382,0,4;382,2,4;2
1;383,0,4;385,0,4;1
1;383,0,12;384,0,12;3
0;385,0,4;3
0;385,1,4;2
0;385,2,4;1
0;385,3,4;3
0;386,0,4;2
0;386,1,4;1
0;386,2,4;2
0;387,0,4;0
1;387,0,4;387,1,4;1
1;387,0,4;387,1,4;3
1;387,2,4;387,3,4;0
1;387,2,4;387,3,4;3
1;388,0,4;388,1,4;1
1;388,0,4;388,1,4;2
1;388,2,4;388,3,4;1
1;388,2,4;388,3,4;2
0;389,0,4;0
1;389,0,4;389,3,4;2
0;389,0,4;3
1;389,1,4;391,0,4;1
1;389,2,4;390,1,4;0
1;389,2,4;389,3,4;3
0;390,0,4;2
1;390,0,4;390,1,4;3
0;390,2,4;0
1;390,2,4;390,3,4;2
0;391,0,4;0
1;391,0,4;391,1,4;3
1;391,2,4;391,3,4;0
1;391,2,4;392,1,4;1
0;391,2,4;3
1;391,3,4;394,0,4;2
1;392,0,4;392,1,4;0
1;392,0,4;392,3,4;3
0;392,2,4;0
1;392,2,4;392,3,4;1
1;393,0,4;393,1,4;0
0;393,0,4;3
1;393,2,4;393,3,4;0
0;393,2,4;1
1;394,0,4;394,1,4;1
0;394,0,4;3
0;394,1,4;3
0;394,2,4;1
1;394,2,4;394,3,4;2
1;394,3,4;395,0,4;0
1;395,0,4;395,2,4;1
0;395,0,4;2
1;395,0,4;395,1,4;3
1;395,1,4;396,0,4;0
0;395,2,4;2
1;395,2,4;395,3,4;3
0;396,0,4;1
1;396,0,4;396,1,4;3
1;396,2,4;396,3,4;0
0;396,2,4;1
1;396,2,4;397,0,4;2
1;396,3,4;397,2,4;3
1;397,0,4;397,1,4;0
0;397,0,4;1
1;397,2,4;397,3,4;0
0;397,2,4;2
1;398,0,4;398,2,4;1
0;398,0,4;2
1;398,0,4;398,1,4;3
1;398,1,4;399,0,4;0
0;398,2,4;2
1;398,2,4;398,3,4;3
0;399,0,4;1
1;399,0,4;399,1,4;3
0;399,2,4;0
1;399,2,4;399,3,4;1
0;399,2,4;2
0;399,3,4;2
1;400,0,4;400,1,4;0
0;400,0,4;3
0;400,1,4;3
0;400,2,4;1
1;400,2,4;400,3,4;2
0;400,3,4;1
0;401,0,4;0
1;401,0,4;401,2,4;2
1;401,0,4;401,1,4;3
1;401,1,4;402,0,4;1
1;401,2,4;401,3,4;0
0;401,2,4;3
0;402,0,4;0
1;402,0,4;402,1,4;2
1;402,2,4;402,3,4;0
1;402,2,4;403,0,4;2
0;402,2,4;3
1;402,3,4;403,2,4;1
0;403,0,4;0
1;403,0,4;403,1,4;3
0;403,2,4;2
1;403,2,4;403,3,4;3
1;404,0,4;404,2,4;0
0;404,0,4;1
0;404,0,4;2
0;404,1,4;2
0;404,2,4;3
0;404,3,4;2
0;405,0,4;0
0;405,0,4;1
0;405,1,4;0
1;405,2,4;405,3,4;2
1;405,2,4;406,0,4;3
0;405,3,4;1
1;406,0,4;406,2,4;0
1;406,0,4;406,1,4;2
1;406,2,4;406,3,4;1
1;406,2,4;407,0,4;3
0;406,3,4;2
0;407,0,4;0
0;407,0,4;1
0;407,1,4;1
0;407,2,4;0
0;407,2,4;3
0;407,3,4;3
1;408,0,4;408,1,4;0
1;408,0,4;408,2,4;1
0;408,1,4;2
1;408,2,4;408,3,4;0
1;408,2,4;409,2,4;3
1;409,0,4;409,1,4;1
0;409,0,4;2
0;409,1,4;0
1;409,2,4;409,3,4;1
1;409,2,4;410,0,4;2
0;410,0,4;0
0;410,0,4;1
0;410,1,4;1
0;410,1,4;3
0;410,2,4;2
0;410,2,4;3
0;411,0,4;0
0;411,0,4;2
0;411,0,4;3
0;411,2,4;0
0;411,2,4;1
0;411,2,4;3
0;412,0,4;2
0;412,0,4;3
0;412,1,4;0
0;412,1,4;3
0;412,2,4;0
0;412,2,4;1
1;413,0,4;414,3,4;0
0;413,0,4;1
1;413,0,4;413,1,4;2
1;413,0,4;413,2,4;3
1;413,2,4;413,3,4;1
0;413,2,4;2
0;414,0,4;2
1;414,0,4;414,1,4;3
1;414,2,4;414,3,4;1
1;414,2,4;414,3,4;2
1;414,2,4;415,1,4;3
0;415,0,4;0
1;415,0,4;415,1,4;2
1;415,2,4;416,1,4;0
1;415,2,4;415,3,4;1
0;415,2,4;3
0;416,0,4;1
1;416,0,4;417,1,4;2
1;416,0,4;416,1,4;3
0;416,2,4;0
1;416,2,4;416,3,4;1
1;417,0,4;417,1,4;0
0;417,0,4;3
1;417,2,4;418,1,4;1
1;417,2,4;417,3,4;2
1;417,2,4;417,3,4;3
1;418,0,4;418,3,4;0
1;418,0,4;418,1,4;3
1;418,2,4;418,3,4;1
0;418,2,4;2
1;418,2,4;419,1,4;3
1;419,0,4;419,1,4;0
1;419,0,4;419,1,4;1
1;419,0,4;419,3,4;2
1;419,2,4;420,1,4;0
0;419,2,4;1
1;419,2,4;419,3,4;3
1;420,0,4;420,1,4;1
1;420,0,4;420,3,4;2
0;420,0,4;3
1;420,2,4;420,3,4;0
1;420,2,4;421,1,4;1
1;420,2,4;420,3,4;3
0;421,0,4;0
1;421,0,4;421,1,4;2
1;421,0,4;421,3,4;3
1;421,2,4;422,1,4;0
0;421,2,4;1
1;421,2,4;421,3,4;2
1;422,0,4;422,1,4;1
1;422,0,4;423,1,4;2
0;422,0,4;3
0;422,1,4;3
1;422,2,4;422,3,4;0
0;422,2,4;1
0;423,0,4;0
1;423,0,4;423,1,4;3
1;423,2,4;424,0,4;1
0;423,2,4;2
0;423,2,4;3
0;424,0,4;0
0;424,0,4;2
0;424,0,4;3
0;424,2,4;0
0;424,2,4;1
0;424,3,4;2
0;425,0,3;0
0;425,0,3;1
0;425,0,3;3
0;425,1,3;0
0;425,1,3;2
0;425,1,3;3
0;425,2,3;1
0;425,2,3;2
0;425,2,3;3
0;426,0,3;0
0;426,0,3;2
0;426,0,3;3
0;426,1,3;0
0;426,1,3;1
0;426,1,3;2
0;426,2,3;0
0;426,2,3;1
0;426,2,3;3
0;427,0,3;0
0;427,0,3;1
0;427,0,3;2
0;427,0,3;3
0;427,2,4;0
0;427,2,4;3
0;428,0,3;0
0;428,0,4;2
0;428,0,3;3
0;428,1,3;0
0;428,1,3;1
0;428,1,3;3
0;428,2,3;1
0;428,2,3;2
0;428,2,3;3
0;429,0,3;0
0;429,0,3;1
0;429,0,3;2
0;429,1,3;0
0;429,1,3;1
0;429,1,3;3
0;429,2,3;0
0;429,2,3;2
0;429,2,3;3
0;430,0,4;0
0;430,0,4;1
0;430,0,4;2
0;430,0,4;3
0;430,2,4;1
0;430,2,4;2
0;431,0,3;1
0;431,0,3;2
0;431,0,3;3
0;431,1,3;0
0;431,1,3;1
0;431,1,3;3
0;431,2,3;0
0;431,2,3;2
0;431,2,3;3
0;432,0,3;0
0;432,0,3;1
0;432,0,3;2
0;432,1,3;1
0;432,1,3;2
0;432,1,3;3
0;432,2,3;0
0;432,2,3;1
0;432,2,3;3
0;433,0,3;0
0;433,0,3;1
0;433,0,3;2
0;433,0,3;3
0;433,2,4;0
0;433,2,4;3
0;434,0,3;0
0;434,0,3;1
0;434,0,3;2
0;434,1,3;0
0;434,1,3;1
0;434,1,3;3
0;434,2,3;0
0;434,2,3;2
0;434,2,3;3
0;435,0,3;0
0;435,0,3;1
0;435,0,3;3
0;435,1,3;0
0;435,1,3;1
0;435,1,3;2
0;435,2,3;0
0;435,2,3;2
0;435,2,3;3
0;436,0,3;0
0;436,0,3;1
0;436,0,3;2
0;436,0,3;3
0;436,2,4;0
0;436,2,4;3
0;437,0,4;0
0;437,0,4;1
0;437,0,4;3
0;437,1,4;0
0;437,1,4;2
0;437,2,4;0
0;437,2,4;3
0;437,3,4;2
0;437,3,4;3
0;438,0,4;0
0;438,0,4;1
0;438,1,4;0
0;438,1,4;3
0;438,2,4;2
0;438,2,4;3
0;438,3,4;1
0;438,3,4;2
0;439,0,4;0
0;439,0,4;3
0;439,1,4;1
0;439,1,4;3
0;439,2,4;0
0;439,2,4;2
0;439,3,4;0
0;439,3,4;1
0;440,0,4;2
0;440,0,4;3
0;440,1,4;0
0;440,1,4;3
0;440,2,4;1
0;440,2,4;2
0;440,3,4;0
0;440,3,4;2
0;441,0,4;1
0;441,0,4;3
0;441,1,4;0
0;441,1,4;3
0;441,2,4;0
0;441,2,4;1
0;441,3,4;1
0;441,3,4;3
0;442,0,4;0
0;442,0,4;2
0;442,1,4;0
0;442,1,4;3
0;442,2,4;2
0;442,2,4;3
0;442,3,4;0
0;442,3,4;2
0;443,0,4;1
0;443,0,4;3
0;443,1,6;2
0;443,2,6;1
0;443,3,6;0
0;443,3,6;3
0;443,4,6;2
0;443,5,6;1
0;444,0,6;2
0;444,0,6;3
0;444,1,6;0
0;444,2,6;1
0;444,3,6;0
0;444,3,6;2
0;444,4,6;3
0;444,5,6;2
0;445,0,6;0
0;445,0,6;1
0;445,1,6;2
0;445,2,6;1
0;445,3,6;0
0;445,3,6;3
0;445,4,6;2
0;445,5,6;3
0;446,0,8;0
0;446,0,8;1
0;446,1,6;3
0;446,2,8;0
0;446,3,8;1
0;446,4,8;2
0;446,5,8;3
0;446,6,8;0
0;446,7,8;2
0;447,0,8;1
0;447,1,8;3
0;447,2,8;2
0;447,3,8;0
0;447,4,8;1
0;447,4,8;3
0;447,5,8;2
0;447,6,8;0
0;447,7,8;1
0;448,0,8;2
0;448,0,8;3
0;448,1,8;1
0;448,2,8;0
0;448,3,8;3
0;448,4,8;1
0;448,4,8;2
0;448,5,8;0
0;448,6,8;3
0;448,7,8;2
1;449,0,4;455,0,4;0
0;449,0,8;1
1;449,0,4;450,2,4;3
1;450,0,4;451,0,4;2
1;450,2,4;452,0,4;1
1;451,2,4;452,2,4;2
1;452,0,4;453,2,4;3
1;452,2,4;453,0,4;1
1;453,0,4;453,2,4;2
1;453,2,4;454,0,4;1
1;454,0,4;454,2,4;2
1;454,2,4;454,3,4;3
1;454,3,4;455,0,4;1
0;455,0,4;2
1;455,0,4;455,2,4;3
0;455,1,4;1
1;455,2,4;456,0,4;2
0;455,3,4;0
1;456,0,4;456,2,4;1
0;456,1,4;3
1;456,2,4;457,0,4;0
0;456,3,4;2
1;457,0,4;457,2,4;1
0;457,1,4;3
1;457,2,4;458,0,4;2
0;457,3,4;0
1;458,0,4;458,2,4;3
0;458,1,4;1
1;458,2,4;459,0,4;2
0;458,3,4;0
1;459,0,4;459,2,4;1
0;459,1,4;3
1;459,2,4;460,0,4;0
0;459,3,4;2
1;460,0,4;460,2,4;1
0;460,1,4;3
1;460,2,4;461,0,4;2
0;460,3,4;0
1;461,0,4;461,2,4;3
0;461,1,4;1
1;461,2,4;462,0,4;2
0;461,3,4;0
1;462,0,4;462,2,4;1
0;462,1,4;3
1;462,2,4;463,0,4;0
0;462,3,4;2
1;463,0,4;463,2,4;1
0;463,1,4;3
1;463,2,4;464,0,4;2
0;463,3,4;0
1;464,0,4;464,2,4;3
0;464,1,4;1
1;464,2,4;465,0,4;2
0;464,3,4;0
1;465,0,4;465,2,4;1
0;465,1,4;3
1;465,2,4;466,0,4;0
0;465,3,4;2
1;466,0,4;466,2,4;1
1;466,0,4;468,0,4;3
1;466,2,4;467,0,4;2
1;467,0,4;468,0,4;1
