bpm,200.0
offset,599
1;6,0,4;12,0,4;0
1;14,0,3;29,0,3;3
1;24,0,8;29,0,8;2
1;30,0,6;46,0,6;0
1;30,0,6;46,0,6;1
0;46,0,4;3
0;48,0,4;1
0;50,0,4;2
0;52,0,4;0
0;54,0,4;3
0;56,0,4;0
0;58,0,4;3
0;60,0,4;1
1;62,0,4;64,0,4;0
0;64,0,3;2
0;64,2,4;1
0;65,0,4;3
1;66,0,4;67,0,4;3
0;67,0,4;1
0;67,2,4;2
0;68,0,3;0
1;69,0,12;70,0,12;0
0;70,0,4;3
0;70,2,4;0
0;71,0,4;2
1;72,0,4;73,0,4;2
0;73,0,4;0
0;73,2,4;3
0;74,0,4;1
1;75,0,3;76,0,3;1
1;76,0,4;77,2,4;0
1;76,0,4;77,2,4;3
0;78,0,4;0
0;78,0,4;3
0;79,0,4;1
0;79,0,4;2
0;80,0,4;0
0;80,0,4;3
0;81,0,4;2
0;81,0,4;1
0;82,0,4;0
0;82,0,4;3
0;83,0,4;1
0;83,0,4;2
0;84,0,4;0
0;84,0,4;3
0;85,0,4;1
0;85,0,4;2
0;86,0,4;0
0;86,0,4;3
0;87,0,4;0
0;87,0,4;3
0;88,0,4;0
0;88,0,4;3
0;89,0,4;3
0;89,0,4;0
0;90,0,4;0
0;90,0,4;3
0;91,0,4;0
0;91,0,4;3
0;92,0,4;0
1;92,0,3;94,0,3;3
1;94,0,12;98,0,12;0
1;98,0,4;102,0,4;3
0;102,0,4;1
0;102,3,6;2
0;103,0,6;0
0;103,3,6;3
1;104,0,8;105,0,8;1
0;105,0,6;2
0;105,3,6;0
1;106,0,8;107,0,8;3
0;107,0,6;1
0;107,3,6;3
1;108,0,4;109,0,4;0
0;109,0,6;2
0;109,3,6;1
1;110,0,4;111,0,4;3
0;111,0,6;1
0;111,3,6;2
1;112,0,4;113,0,4;0
0;113,0,6;3
0;113,3,6;1
1;114,0,8;115,0,8;2
0;115,0,6;0
0;115,3,6;2
1;116,0,4;117,0,4;1
0;117,0,6;3
0;117,3,6;0
0;118,0,4;2
0;118,2,4;1
0;119,0,4;3
0;119,2,4;0
1;120,0,4;121,0,4;2
0;121,0,6;1
0;121,3,6;3
1;122,0,8;123,0,8;0
0;123,0,6;2
0;123,3,6;0
1;124,0,4;125,0,4;3
0;125,0,6;1
0;125,3,6;2
1;126,0,4;127,0,4;0
0;127,0,6;1
0;127,3,6;3
1;128,0,8;129,0,8;2
0;129,0,6;0
0;129,3,6;3
1;130,0,8;131,0,8;1
0;131,0,6;2
0;131,3,6;0
1;132,0,4;132,2,4;3
1;132,4,8;133,0,8;1
1;133,0,8;133,4,8;2
1;133,2,4;134,0,4;0
0;134,0,8;3
0;134,2,3;3
0;135,1,3;3
0;136,0,4;0
0;136,0,4;2
0;136,2,3;2
0;137,1,3;2
0;138,0,4;1
0;138,0,4;3
0;138,2,3;1
0;139,1,3;1
0;140,0,4;0
0;140,0,4;3
0;140,2,3;0
0;141,1,3;0
0;142,0,4;1
0;142,0,4;2
0;142,2,3;2
0;143,1,3;2
0;144,0,4;1
0;144,0,4;3
0;144,2,3;1
0;145,1,3;1
0;146,0,4;0
0;146,0,4;3
0;146,2,3;3
0;147,1,3;3
0;148,0,4;1
0;148,0,4;2
0;148,2,3;1
0;149,1,3;1
0;150,0,4;0
0;150,0,4;2
0;150,2,3;2
0;151,1,3;2
0;152,0,4;0
0;152,0,4;3
0;152,2,3;0
0;153,1,3;0
0;154,0,4;1
0;154,0,4;3
0;154,2,3;3
0;155,1,3;3
0;156,0,4;0
0;156,0,4;2
0;156,2,3;0
0;157,1,3;0
0;158,0,4;1
0;158,0,4;2
0;158,2,3;2
0;159,1,3;2
0;160,0,4;1
0;160,0,4;3
0;160,2,3;1
0;161,1,3;1
1;162,0,3;163,0,3;3
1;163,0,24;164,0,24;0
0;164,0,8;3
0;165,0,8;3
0;166,0,8;3
1;166,0,6;166,3,6;0
1;166,3,6;167,0,6;2
1;167,0,4;167,2,4;1
1;167,2,4;174,0,4;3
0;168,0,4;0
0;169,0,4;0
0;170,0,4;1
0;171,0,4;1
0;172,0,4;0
0;173,0,4;0
0;174,0,6;1
1;175,0,4;182,0,4;0
0;175,0,4;3
0;176,0,4;3
0;177,0,4;2
0;178,0,4;2
0;179,0,4;3
0;180,0,4;3
0;181,0,4;2
1;182,0,6;182,3,6;3
1;182,3,6;183,0,6;1
1;183,0,4;183,2,4;2
1;183,2,4;190,0,4;0
0;184,0,4;3
0;185,0,4;3
0;186,0,4;1
0;187,0,4;1
0;188,0,4;3
0;189,0,4;3
0;190,0,4;1
1;191,0,4;194,0,4;3
0;191,0,4;2
0;192,0,4;2
0;193,0,4;0
0;194,0,4;0
0;195,0,4;3
0;196,0,4;1
1;197,0,8;197,4,8;2
1;197,4,8;198,0,8;0
0;198,0,4;3
0;199,0,4;1
0;200,0,4;2
0;201,0,4;0
0;202,0,4;2
0;203,0,4;1
1;204,0,8;204,4,8;3
0;205,0,4;0
0;206,0,4;2
0;207,0,4;1
0;208,0,4;3
0;209,0,4;0
1;210,0,8;210,4,8;2
0;211,0,4;1
0;212,0,4;3
0;213,0,4;0
0;214,0,4;2
0;215,0,4;0
1;216,0,8;216,4,8;3
0;217,0,4;1
0;218,0,4;2
0;219,0,4;0
0;220,0,4;3
0;221,0,4;1
0;222,0,4;2
0;223,0,4;0
0;224,0,4;3
0;225,0,4;1
1;226,0,4;226,2,4;0
1;226,0,4;226,2,4;3
0;227,0,8;0
0;227,4,8;2
0;228,0,8;1
0;228,4,8;3
0;229,0,4;0
0;229,0,4;2
0;230,0,4;0
0;230,0,4;3
0;232,0,3;1
0;234,0,3;2
0;236,0,3;1
0;238,0,3;0
0;238,0,3;3
0;240,0,3;1
0;242,0,24;2
0;244,0,3;1
0;246,0,4;0
0;246,0,8;3
0;247,0,8;1
0;248,0,4;2
0;249,0,8;3
0;250,0,8;0
0;251,0,8;1
0;252,0,8;2
0;253,0,8;3
0;254,0,4;0
1;254,0,8;258,0,8;3
0;255,0,8;2
0;256,0,8;1
0;257,0,8;0
1;258,0,4;260,0,4;0
0;260,0,4;3
0;260,4,6;3
0;262,0,4;0
0;262,0,4;3
0;262,8,12;0
0;262,8,12;3
0;264,8,12;0
0;264,8,12;3
0;265,4,12;1
0;266,0,6;0
1;266,0,6;268,4,6;3
0;268,8,12;0
0;270,0,4;0
0;270,0,4;3
0;270,8,12;0
0;270,8,12;3
0;272,8,12;0
0;272,8,12;3
0;273,4,12;2
1;274,0,6;276,4,6;0
0;276,8,12;3
0;278,0,4;0
0;278,0,4;3
0;278,8,12;0
0;278,8,12;3
0;280,8,12;0
0;280,8,12;3
0;281,4,12;1
1;282,0,6;284,4,6;2
0;284,8,12;0
0;286,0,4;0
0;286,0,4;3
0;286,8,12;0
0;286,8,12;3
0;288,8,12;0
0;288,8,12;3
0;289,4,12;2
1;290,0,4;292,0,4;1
0;292,0,4;3
0;293,0,4;0
0;294,0,4;1
0;295,0,4;2
0;296,0,4;3
0;297,0,4;0
0;298,0,4;1
0;299,0,4;2
0;300,0,4;3
0;301,0,4;0
0;302,0,4;1
0;303,0,4;2
0;304,0,4;3
0;305,0,4;0
0;306,0,4;1
0;307,0,4;2
0;308,0,4;3
1;319,0,8;323,0,8;1
1;323,0,8;325,0,8;3
1;325,0,4;326,2,4;0
1;327,0,4;328,2,4;0
1;327,0,4;328,2,4;2
0;329,0,4;1
0;330,0,4;1
1;331,0,4;332,2,4;1
1;331,0,4;332,2,4;2
1;333,0,4;334,2,4;3
1;335,0,4;336,2,4;1
1;335,0,4;336,2,4;3
0;337,0,4;2
0;338,0,4;2
0;339,0,4;2
0;339,0,4;1
1;339,2,4;340,2,4;1
1;340,0,4;340,2,4;2
1;341,0,4;342,2,4;0
1;343,0,4;344,2,4;0
1;343,0,4;344,2,4;3
0;345,0,4;1
0;346,0,4;1
0;347,0,4;1
0;347,0,4;2
1;347,2,4;348,2,4;2
1;348,0,4;348,2,4;1
1;349,0,4;350,2,4;3
1;351,0,4;352,2,4;0
1;351,0,4;352,2,4;3
0;353,0,4;2
0;354,0,4;2
0;355,0,4;1
0;355,0,4;2
1;355,2,4;356,2,4;1
1;356,0,4;356,2,4;2
1;357,0,4;358,2,4;0
1;359,0,4;360,2,4;0
1;359,0,4;360,2,4;2
0;361,0,4;1
0;362,0,4;1
1;363,0,4;364,2,4;1
1;363,0,4;364,2,4;2
1;365,0,4;366,2,4;3
1;367,0,4;368,2,4;1
1;367,0,4;368,2,4;3
0;369,0,4;2
0;370,0,4;2
0;371,0,4;2
0;371,0,4;1
1;371,2,4;372,2,4;2
1;372,0,4;372,2,4;1
0;373,0,6;2
0;373,2,3;1
0;374,2,6;2
0;374,4,6;1
0;375,0,6;2
0;375,4,6;1
0;376,2,6;0
0;376,4,6;3
0;377,0,6;0
0;377,4,6;3
0;378,2,6;1
0;378,4,6;2
0;379,0,6;0
0;379,4,6;1
0;380,0,6;2
0;380,2,6;0
0;380,4,6;3
1;381,0,4;386,2,4;1
1;383,0,4;386,2,4;2
0;387,0,4;0
0;387,0,4;3
0;387,4,8;2
0;388,0,8;1
0;388,4,8;2
0;389,0,8;0
0;389,0,8;3
0;389,4,8;1
0;390,0,8;2
0;390,4,8;3
0;391,0,8;0
0;391,4,8;3
0;392,0,8;1
0;392,4,8;3
0;393,0,8;0
0;393,4,8;2
0;394,0,8;0
0;394,4,8;1
0;395,0,8;2
0;395,4,8;0
0;396,0,8;3
0;396,4,8;0
0;397,0,8;2
0;397,4,8;0
0;398,0,8;3
0;398,2,4;2
0;399,0,8;0
0;399,4,8;1
0;400,0,8;2
0;400,4,8;3
0;401,0,8;0
0;401,0,8;2
0;401,4,8;1
0;401,4,8;3
0;402,0,8;0
0;402,4,8;2
0;403,0,8;0
0;403,4,8;3
0;404,0,8;1
0;404,4,8;3
0;405,0,8;0
0;405,4,8;2
0;406,0,8;1
0;406,4,8;0
0;407,0,8;2
0;407,4,8;1
0;408,0,8;3
0;408,4,8;0
0;409,0,8;2
0;409,4,8;1
0;410,0,8;3
0;410,2,8;0
0;410,4,8;2
0;411,0,8;1
0;411,4,8;3
0;412,0,8;0
0;412,2,8;2
0;412,4,8;1
0;413,0,8;3
0;413,4,8;0
0;414,0,8;1
0;414,4,8;2
0;415,0,8;0
0;415,4,8;3
0;416,0,8;1
0;416,4,8;2
0;417,0,8;0
0;417,4,8;3
0;417,6,8;1
0;418,0,8;2
0;418,4,8;0
0;419,0,8;1
0;419,4,8;2
0;420,0,8;3
0;420,4,8;1
0;421,0,8;2
0;421,4,8;0
0;422,0,8;3
0;422,4,8;1
0;423,0,8;2
0;423,4,8;0
0;424,0,8;3
0;424,0,8;1
0;424,4,8;2
1;425,0,4;427,0,4;0
0;425,0,4;3
0;425,2,6;1
0;425,4,6;2
0;426,0,6;3
0;426,2,6;1
0;426,4,6;2
0;427,0,4;3
0;427,3,6;1
0;428,0,6;0
1;428,0,6;430,0,6;3
0;428,2,6;2
0;428,4,6;1
0;429,0,6;0
0;429,2,6;2
0;429,4,6;1
0;430,0,6;0
0;430,3,6;2
1;431,0,6;433,0,6;0
0;431,0,288;3
0;431,2,6;1
0;431,4,6;2
0;432,0,6;3
0;432,2,6;1
0;432,4,6;2
0;433,0,6;3
0;433,144,288;1
1;434,0,6;436,0,6;3
0;434,0,288;0
0;434,2,6;2
0;434,4,6;1
0;435,0,6;0
0;435,96,288;2
0;435,192,288;1
0;436,0,6;0
0;436,2,4;2
0;437,0,4;1
0;437,1,4;3
0;437,2,4;0
0;438,0,6;2
0;438,2,4;1
0;439,0,4;3
0;439,2,4;0
0;440,0,4;2
0;440,2,4;1
0;441,0,6;3
0;441,3,6;2
0;442,0,4;1
0;442,2,4;0
0;443,0,4;3
0;443,2,4;1
0;444,0,4;3
0;444,2,4;1
0;445,0,4;2
0;445,2,4;0
0;446,0,4;2
0;446,2,4;0
1;447,0,4;449,0,4;1
1;449,0,4;452,0,4;3
1;452,0,4;455,0,4;0
1;455,0,4;467,0,4;3
1;465,0,4;467,0,4;2
