bpm,200.0
offset,599
1;6,0,4;12,0,4;0
1;11,0,6;12,0,6;3
0;14,0,4;3
1;14,0,3;14,2,3;0
1;14,2,3;15,1,3;1
1;15,1,3;16,0,3;3
1;16,0,3;17,1,3;2
1;17,1,3;18,0,3;1
1;18,0,3;18,2,3;0
1;18,2,3;19,1,3;3
1;19,1,3;20,0,3;1
1;20,0,6;20,5,6;2
1;20,5,6;21,1,6;3
1;21,1,6;22,0,6;1
1;22,0,6;22,4,6;3
1;22,4,6;23,2,6;2
1;23,2,6;24,0,6;0
1;24,0,6;25,2,6;3
1;25,2,6;26,0,6;1
1;26,0,6;29,3,6;2
1;30,0,3;30,1,3;0
1;30,0,3;30,1,3;3
0;30,2,3;2
0;31,1,3;1
0;32,0,3;0
0;32,0,3;3
0;32,2,3;2
0;33,1,3;1
0;34,0,3;2
0;34,0,3;3
0;34,2,3;1
0;35,1,3;0
0;36,0,3;1
0;36,0,3;3
0;36,2,3;2
0;37,1,3;3
0;38,2,3;0
0;39,1,3;1
0;40,0,3;3
0;40,0,3;0
0;40,2,3;2
0;41,1,3;1
0;42,0,3;0
0;42,0,3;3
0;42,2,3;2
0;43,1,3;3
0;44,0,3;1
0;44,0,3;2
0;44,2,3;0
0;45,1,3;1
0;46,0,3;2
0;46,0,3;3
0;46,2,3;1
0;47,0,3;3
0;47,2,3;1
0;48,0,3;0
0;48,0,3;3
0;48,2,3;2
0;49,1,3;1
0;50,0,3;0
0;50,0,3;3
0;50,2,3;2
0;51,0,3;1
0;51,2,3;2
0;52,0,3;0
0;52,0,3;3
0;52,2,3;1
0;53,1,3;3
0;54,0,3;0
0;54,0,3;2
0;54,2,3;1
0;55,0,3;3
0;55,2,3;0
0;56,0,3;2
0;56,0,3;1
0;56,2,3;3
0;57,1,3;2
0;58,0,3;0
0;58,0,3;1
0;58,2,3;3
0;59,0,3;0
0;59,2,3;2
0;60,0,3;0
0;60,0,3;3
0;60,2,3;1
0;61,1,3;2
0;62,0,3;0
0;62,0,3;3
0;62,2,3;1
0;63,1,3;2
0;64,0,3;1
0;64,0,3;3
0;64,2,3;0
0;65,1,3;1
0;66,0,3;0
0;66,0,3;3
0;66,2,3;2
0;67,1,3;1
0;68,0,3;2
0;68,0,3;3
0;68,2,3;0
0;69,1,3;1
0;70,0,3;3
0;70,0,3;2
0;70,2,3;1
0;71,1,3;2
0;72,0,3;0
0;72,0,3;3
0;72,2,3;1
0;73,1,3;3
0;74,0,3;0
0;74,0,3;2
0;74,2,3;1
0;75,1,3;2
1;76,0,3;76,1,3;0
1;76,0,3;76,1,3;1
1;78,0,3;79,0,3;0
0;78,0,3;1
1;79,0,4;80,0,4;3
0;79,0,4;2
1;80,0,4;81,0,4;0
0;80,0,3;1
1;81,0,3;82,0,3;2
0;81,0,3;3
0;82,0,3;0
1;82,0,4;83,0,4;1
0;83,0,4;2
1;83,0,4;84,0,4;3
0;84,0,4;0
1;84,0,4;85,0,4;1
1;85,0,4;86,0,4;2
0;85,0,3;3
0;86,0,4;1
1;86,0,4;87,0,4;3
1;87,0,4;88,0,4;0
0;87,0,4;2
0;88,0,4;1
1;88,0,4;89,0,4;3
1;89,0,4;90,0,4;0
0;89,0,4;2
1;90,0,4;91,0,4;2
0;90,0,4;3
1;91,0,4;92,0,4;0
0;91,0,4;1
1;92,0,4;94,0,4;2
1;92,0,4;94,0,4;3
1;94,0,4;98,0,4;0
0;94,0,4;1
1;98,0,4;102,0,4;3
1;102,0,4;102,2,4;0
0;102,0,4;2
1;102,2,4;103,0,4;1
1;103,0,4;103,2,4;3
1;103,2,4;104,0,4;2
0;104,0,4;0
0;104,0,4;1
0;105,0,4;2
0;105,2,4;2
0;106,0,4;0
0;106,0,4;3
0;107,0,4;1
0;107,2,4;1
0;108,0,4;2
0;108,0,4;3
0;109,0,4;2
0;109,2,4;2
1;110,0,4;111,0,4;0
0;110,0,4;3
0;111,0,4;1
1;111,0,4;112,0,4;3
0;111,2,4;1
0;112,0,4;0
0;112,0,4;2
0;113,0,4;3
0;113,2,4;3
0;114,0,4;0
0;114,0,4;2
0;115,0,4;0
0;115,2,4;0
0;116,0,4;2
0;116,0,4;3
0;117,0,4;1
0;117,2,4;1
1;118,0,4;118,2,4;3
0;118,0,4;2
1;118,2,4;119,0,4;0
1;119,0,4;119,2,4;1
1;119,2,4;120,0,4;2
0;120,0,3;0
1;120,0,4;121,0,4;3
0;121,0,4;1
0;121,2,4;1
0;122,0,4;0
0;122,0,4;2
0;123,0,4;3
0;123,2,4;3
1;124,0,4;125,0,4;0
0;124,0,4;2
0;125,0,4;3
0;125,2,4;1
0;126,0,4;3
0;126,0,4;0
0;126,2,4;2
0;127,0,4;1
0;127,2,4;2
1;128,0,4;129,0,4;0
0;128,0,4;3
1;129,0,4;129,1,4;3
1;129,2,4;129,3,4;3
0;130,0,4;0
0;130,0,4;2
1;131,0,4;131,1,4;1
1;131,2,4;131,3,4;1
1;132,0,4;132,2,4;3
1;132,2,4;133,0,4;2
1;133,0,4;133,2,4;1
1;133,2,4;134,0,4;0
0;134,0,3;2
0;134,0,3;3
0;134,2,3;0
0;135,0,3;3
0;135,1,3;0
0;135,2,3;3
0;136,0,3;0
0;136,0,3;2
0;136,2,3;1
0;137,0,3;3
0;137,1,3;1
0;137,2,3;3
0;138,0,3;1
0;138,0,3;2
0;138,2,3;0
0;139,0,3;3
0;139,1,3;0
0;139,2,3;3
0;140,0,3;0
0;140,0,3;1
0;140,2,3;2
0;141,0,3;1
0;141,1,3;2
0;141,2,3;1
0;142,0,3;0
0;142,0,3;3
0;142,2,3;2
0;143,0,3;0
0;143,1,3;2
0;143,2,3;0
0;144,0,3;2
0;144,0,3;1
0;144,2,3;3
0;145,0,3;1
0;145,1,3;3
0;145,2,3;1
0;146,0,3;2
0;146,0,3;3
0;146,2,3;0
0;147,0,3;3
0;147,1,3;0
0;147,2,3;3
0;148,0,3;0
0;148,0,3;1
0;148,2,3;3
0;149,0,3;1
0;149,1,3;3
0;149,2,3;1
0;150,0,3;2
0;150,0,3;3
0;150,2,3;0
0;151,0,3;2
0;151,1,3;0
0;151,2,3;2
0;152,0,3;0
0;152,0,3;3
0;152,2,3;2
0;153,0,3;0
0;153,1,3;2
0;153,2,3;0
0;154,0,3;1
0;154,0,3;2
0;154,2,3;3
0;155,0,3;1
0;155,1,3;3
0;155,2,3;1
0;156,0,3;0
0;156,0,3;3
0;156,2,3;2
0;157,0,3;1
0;157,1,3;2
0;157,2,3;1
0;158,0,3;0
0;158,0,3;3
0;158,2,3;2
0;159,0,3;0
0;159,1,3;2
0;159,2,3;0
0;160,0,3;2
0;160,0,3;3
0;160,2,3;1
0;161,0,3;3
0;161,1,3;1
0;161,2,3;3
1;162,0,3;163,0,3;1
1;163,0,4;164,0,4;3
1;164,0,4;164,3,4;2
1;165,0,4;165,2,4;0
1;165,0,4;165,2,4;3
0;166,0,3;0
0;166,0,3;1
0;166,2,4;2
0;167,0,3;0
0;167,0,3;3
0;167,2,4;1
0;168,0,4;0
0;168,0,4;3
0;168,2,4;3
0;169,0,4;0
0;169,0,4;2
0;169,2,4;0
0;170,0,4;1
0;170,0,4;3
0;170,2,4;2
0;171,0,4;0
0;171,0,3;3
0;171,2,4;1
0;172,0,4;2
0;172,0,4;3
0;172,2,4;0
0;173,0,4;1
0;173,0,4;3
0;173,2,4;2
0;174,0,3;0
0;174,0,3;3
0;174,2,4;0
0;175,0,4;2
0;175,0,4;1
0;175,2,4;2
0;176,0,4;0
0;176,0,4;3
0;176,2,4;1
0;177,0,4;0
0;177,0,4;2
0;177,2,4;3
0;178,0,4;1
0;178,0,4;2
0;178,2,4;0
0;179,0,4;1
0;179,0,4;3
0;179,2,4;2
0;180,0,4;0
0;180,0,4;3
0;180,2,4;1
0;181,0,4;0
0;181,0,4;2
0;181,2,4;3
0;182,0,4;0
0;182,0,4;2
0;182,2,4;0
0;183,0,4;1
0;183,0,4;2
0;183,2,4;2
0;184,0,4;0
0;184,0,4;1
0;184,2,4;3
0;185,0,4;0
0;185,0,4;2
0;185,2,4;1
0;186,0,4;2
0;186,0,4;3
0;186,2,4;1
0;187,0,4;0
0;187,0,4;3
0;187,2,4;3
0;188,0,4;0
0;188,0,4;1
0;188,2,4;0
0;189,0,4;1
0;189,0,4;3
0;189,2,4;2
0;190,0,4;3
0;190,0,4;0
0;190,2,4;1
0;191,0,4;0
0;191,0,4;3
0;191,2,4;2
0;192,0,4;0
0;192,0,4;1
0;192,2,4;3
0;193,0,4;0
0;193,0,4;1
0;193,2,4;2
0;194,0,6;1
0;194,0,3;3
0;194,2,6;0
0;194,4,6;1
0;195,0,6;0
0;195,0,3;3
0;195,2,6;2
0;195,4,6;3
0;196,0,3;0
0;196,1,3;1
0;196,2,3;2
1;197,0,4;197,2,4;1
1;197,2,4;198,0,4;0
0;198,0,4;3
0;198,1,4;1
0;198,2,4;2
0;198,3,4;0
0;199,0,4;2
0;199,1,4;1
0;199,2,4;2
0;199,3,4;3
0;200,0,4;0
0;200,1,4;1
0;200,2,4;3
0;200,3,4;0
0;201,0,4;3
0;201,1,4;1
0;201,2,4;2
0;201,3,4;0
1;202,0,4;202,2,4;3
1;202,2,4;203,0,4;1
0;203,0,4;0
0;203,1,4;3
0;203,2,4;1
0;203,3,4;2
1;204,0,4;204,2,4;0
1;204,0,4;204,2,4;1
0;204,2,4;3
0;204,3,4;2
0;205,0,4;0
0;205,1,4;1
1;205,2,4;206,0,4;2
0;206,0,4;3
0;206,1,4;1
0;206,2,4;2
0;206,3,4;0
0;207,0,4;1
0;207,1,4;2
0;207,2,4;0
0;207,3,4;3
0;208,0,4;1
0;208,1,4;2
0;208,2,4;3
0;208,3,4;0
0;209,0,4;2
0;209,1,4;1
0;209,2,4;3
0;209,3,4;0
1;210,0,4;210,2,4;3
1;210,2,4;211,0,4;1
0;211,0,4;0
0;211,1,4;3
0;211,2,4;0
0;211,3,4;2
1;212,0,4;213,0,4;0
0;212,2,4;2
0;212,3,4;1
0;213,0,4;3
1;213,2,4;214,0,4;2
1;214,0,4;214,2,4;0
0;214,2,4;2
0;214,3,4;3
0;215,0,4;1
0;215,1,4;2
0;215,2,4;0
0;215,3,4;3
1;216,0,4;216,2,4;0
1;216,0,4;216,2,4;1
0;217,0,4;3
0;217,1,4;0
0;217,2,4;2
0;217,3,4;1
1;218,0,4;218,2,4;0
1;218,2,4;219,0,4;3
0;219,0,4;1
0;219,1,4;2
0;219,2,4;0
0;219,3,4;3
0;220,0,4;1
0;220,2,4;2
0;220,3,4;3
0;221,0,4;0
0;221,1,4;1
1;221,2,4;222,0,4;3
0;222,0,4;0
0;222,1,4;2
0;222,2,4;1
0;222,3,4;0
0;223,0,4;3
0;223,1,4;1
0;223,2,4;2
0;223,3,4;3
0;224,0,4;0
0;224,2,4;3
0;224,3,4;1
0;225,0,4;2
0;225,2,4;1
0;226,0,4;0
1;226,0,4;227,0,4;3
1;227,0,4;227,1,4;0
1;227,0,4;227,1,4;1
1;227,2,4;227,3,4;0
1;227,2,4;227,3,4;1
1;228,0,4;228,2,4;2
1;228,0,4;228,1,4;3
1;228,2,4;229,0,4;0
1;228,2,4;228,3,4;1
0;229,0,4;2
0;229,0,4;3
0;230,0,3;0
0;230,0,3;3
0;231,2,4;1
0;232,0,3;2
0;232,0,3;3
0;233,2,4;1
0;234,0,3;0
0;234,0,3;3
0;234,3,4;2
0;235,2,4;1
0;236,0,3;2
0;236,0,3;3
0;238,0,3;0
0;238,0,3;2
0;239,2,4;1
0;240,0,3;3
0;240,0,3;2
0;241,2,4;2
0;242,0,3;3
0;242,0,3;0
0;242,3,4;1
0;243,2,4;2
0;244,0,3;1
0;244,0,3;0
1;246,0,4;254,0,4;3
0;246,0,4;0
0;247,0,4;0
0;248,0,4;0
0;249,0,4;0
0;250,0,4;0
0;251,0,4;0
0;252,0,4;0
0;253,0,4;0
1;254,0,4;256,0,4;0
0;254,0,4;2
0;255,0,4;2
0;256,0,3;2
0;257,0,4;2
0;258,0,3;3
0;258,0,3;0
0;258,2,3;1
0;259,1,3;2
0;260,0,3;0
0;260,0,3;3
0;260,2,3;0
0;260,2,3;3
0;261,1,3;2
0;262,0,3;0
0;262,0,3;1
0;262,2,3;0
0;262,2,3;3
0;263,1,3;1
0;264,0,3;2
0;264,2,3;1
0;264,2,3;3
0;265,1,3;0
0;265,1,3;2
0;266,0,3;0
0;266,0,3;3
0;266,2,3;3
0;267,1,3;2
0;268,0,3;1
0;268,2,3;0
0;268,2,3;3
0;269,1,3;1
0;270,0,3;0
0;270,0,3;3
0;270,2,3;0
0;270,2,3;3
0;271,1,3;1
0;272,0,3;2
0;272,2,3;0
0;272,2,3;3
0;273,1,3;1
0;273,1,3;3
0;274,0,3;2
0;274,0,3;3
0;274,2,3;1
0;275,1,3;0
0;276,0,3;1
0;276,2,3;2
0;276,2,3;3
0;277,1,3;3
0;278,0,3;1
0;278,0,3;0
0;278,2,3;2
0;278,2,3;3
0;279,0,3;1
0;279,2,3;3
0;280,0,3;0
0;280,2,3;1
0;280,2,3;3
0;281,1,3;0
0;281,1,3;2
0;282,0,3;2
0;282,0,3;3
0;282,2,3;0
0;283,0,3;2
0;283,2,3;3
0;284,0,3;1
0;284,2,3;3
0;284,2,3;0
0;285,1,3;0
0;286,0,3;1
0;286,0,3;3
0;286,2,3;0
0;286,2,3;2
0;287,0,3;3
0;287,2,3;0
0;288,0,3;2
0;288,2,3;0
0;288,2,3;3
0;289,1,3;1
0;289,1,3;2
0;290,0,3;0
0;290,0,3;3
0;290,1,3;2
0;290,2,3;1
0;291,0,3;2
0;291,1,3;3
0;291,2,3;0
0;292,0,3;1
0;292,0,3;3
0;292,1,3;2
0;292,1,3;3
0;292,2,3;0
0;292,2,3;1
0;293,0,4;0
0;293,0,4;3
0;293,2,3;3
0;294,0,3;1
0;294,2,3;0
0;295,0,3;3
0;295,2,3;2
0;296,0,3;1
0;296,2,3;0
0;297,0,3;3
0;297,2,3;2
0;298,0,3;0
0;298,2,3;1
0;299,0,3;3
0;299,2,3;1
0;300,0,3;0
0;300,2,3;1
0;301,0,3;3
0;301,2,3;2
0;302,0,3;3
0;302,2,3;1
0;303,0,3;3
0;303,2,3;2
1;304,0,4;304,2,4;0
1;305,0,4;305,2,4;2
1;306,0,4;306,2,4;1
1;307,0,4;307,2,4;3
1;308,0,4;308,2,4;0
0;308,3,4;1
1;309,0,4;313,0,4;2
1;309,0,4;313,0,4;3
0;315,0,4;3
0;317,0,4;3
0;319,0,4;3
0;321,0,4;3
1;323,0,4;325,0,4;1
1;323,0,4;325,0,4;3
1;325,0,3;327,0,3;0
1;325,0,3;326,0,3;2
0;327,0,4;2
1;327,0,3;329,0,3;3
1;328,1,3;329,0,3;0
1;329,0,3;329,2,3;1
0;329,0,3;2
1;329,2,3;330,0,3;3
0;330,0,3;0
1;330,0,4;330,2,4;2
1;330,2,4;331,0,4;1
0;331,0,3;0
0;331,0,3;3
1;332,0,3;333,0,3;3
1;333,0,3;335,0,3;0
1;333,0,3;334,0,3;1
0;335,0,3;2
1;335,0,3;336,1,3;3
1;336,1,3;337,0,3;2
1;337,0,3;337,2,3;0
0;337,0,3;3
1;337,2,3;338,0,3;1
0;338,0,3;2
1;338,0,3;339,0,3;3
1;338,2,4;339,0,4;0
0;339,0,3;1
0;339,0,3;2
1;339,2,3;340,0,3;3
1;340,0,3;340,2,3;2
1;340,2,3;341,0,3;1
1;341,0,3;343,0,3;0
1;341,0,3;342,0,3;2
0;343,0,3;2
1;343,0,3;344,1,3;3
1;344,1,3;345,0,3;1
1;345,0,3;345,2,3;2
0;345,0,3;3
1;345,2,3;346,0,3;0
1;346,0,4;346,2,4;1
0;346,0,3;3
1;346,2,4;347,0,4;2
0;347,0,3;0
0;347,0,3;3
1;347,2,3;348,0,3;1
1;348,0,3;348,1,3;2
1;348,1,3;349,0,3;3
0;349,0,6;0
0;349,1,4;2
0;349,2,4;1
0;349,3,4;0
0;350,0,4;3
0;350,1,4;1
0;350,2,4;2
0;350,3,4;3
0;351,0,6;0
0;351,0,6;1
0;351,2,3;2
0;351,2,3;3
0;352,1,3;0
0;352,1,3;3
0;353,0,6;0
0;353,1,4;3
0;353,2,4;2
0;353,3,4;1
0;354,0,4;3
0;354,1,4;0
0;354,2,4;1
0;354,3,4;2
0;355,0,4;0
0;355,0,4;3
1;355,2,3;356,1,3;0
1;355,2,3;356,1,3;3
1;356,1,3;356,2,3;1
1;356,2,3;357,0,3;2
1;357,0,3;358,0,3;0
1;357,0,3;359,0,3;3
1;359,0,3;360,1,3;0
0;359,0,3;1
1;360,1,3;361,0,3;3
0;361,0,4;1
1;361,0,3;361,2,3;2
1;361,2,3;362,0,3;3
1;362,0,4;362,2,4;1
0;362,0,3;0
1;362,2,4;363,0,4;2
0;363,0,3;0
0;363,0,3;3
1;364,0,4;365,0,4;1
1;365,0,3;366,0,3;0
1;365,0,3;367,0,3;3
1;367,0,3;368,1,3;0
0;367,0,4;1
1;368,1,3;369,0,3;3
1;369,0,3;369,2,3;1
0;369,0,3;2
1;369,2,3;370,0,3;3
1;370,0,3;371,0,3;0
0;370,0,4;2
1;370,2,4;371,0,4;1
0;371,0,4;2
0;371,0,3;3
1;371,2,3;372,1,3;3
1;372,1,3;373,0,3;2
1;373,0,3;375,0,3;0
0;373,0,3;3
0;373,2,3;2
0;374,1,3;3
0;374,2,3;3
0;375,0,3;1
0;375,0,3;2
0;375,2,3;0
0;375,2,3;3
0;376,1,3;1
0;376,2,3;2
0;377,0,3;0
1;377,0,3;379,0,3;3
0;377,2,3;2
0;378,1,3;0
0;378,2,3;0
0;379,0,3;2
1;379,0,3;380,0,3;1
0;379,2,3;3
0;380,0,3;0
1;380,0,3;381,0,3;2
0;380,1,3;0
0;380,2,3;1
1;381,0,4;385,0,4;0
0;381,0,3;3
1;383,0,4;387,0,4;3
0;387,0,3;0
0;387,0,3;2
0;387,2,4;1
0;387,2,4;3
0;388,0,4;0
0;388,0,4;3
0;388,2,4;2
0;388,2,4;0
1;389,0,3;391,0,3;1
0;389,0,3;3
0;389,2,4;2
0;390,0,4;3
0;390,2,4;3
0;391,0,4;2
0;391,2,4;0
1;391,2,4;394,2,4;3
0;392,0,4;0
0;392,2,4;1
0;393,0,4;2
0;393,2,4;1
0;394,0,4;1
0;394,2,4;2
1;395,0,4;396,0,4;0
0;395,0,4;3
0;395,2,4;2
0;396,0,4;1
0;396,2,4;2
1;396,2,4;398,0,4;3
0;397,0,4;1
0;397,2,4;0
0;398,0,4;0
1;398,0,4;399,0,4;2
0;398,2,4;1
0;399,0,4;1
0;399,2,4;0
1;399,2,4;400,0,4;3
0;400,0,4;1
1;400,0,4;400,2,4;2
1;400,2,4;401,0,4;0
0;400,2,4;3
1;401,0,4;402,0,4;1
0;401,0,4;2
0;401,2,4;3
0;402,0,4;2
0;402,2,4;0
1;402,2,4;403,2,4;3
0;403,0,4;0
0;403,2,4;1
0;404,0,4;2
1;404,0,4;404,2,4;3
0;404,2,4;0
1;404,2,4;405,2,4;2
0;405,0,4;1
0;405,2,4;0
0;405,2,4;1
0;406,0,4;2
0;406,0,4;3
0;406,2,4;1
0;406,2,4;2
0;407,0,4;0
0;407,0,4;3
0;407,2,4;1
0;407,2,4;2
0;408,0,4;0
1;408,0,4;408,2,4;3
1;408,2,4;409,2,4;0
0;408,2,4;2
0;409,0,4;2
0;409,2,4;3
0;410,0,4;0
0;410,0,4;3
0;410,1,4;2
0;410,2,4;1
0;411,0,4;0
0;411,0,4;3
0;411,2,4;2
0;411,2,4;3
0;412,0,4;0
0;412,0,4;3
0;412,1,4;1
0;412,2,4;2
1;413,0,4;414,2,4;0
0;413,0,4;1
0;413,2,4;3
0;414,0,4;1
1;414,2,4;415,2,4;2
0;414,2,4;1
0;415,0,4;0
0;415,2,4;0
1;415,2,4;416,0,4;1
0;416,0,4;2
1;416,0,4;417,0,4;3
0;416,2,4;0
0;417,0,4;1
0;417,2,4;0
0;417,2,4;2
0;418,0,4;1
0;418,0,4;3
0;418,2,4;2
0;418,2,4;3
0;419,0,4;0
0;419,0,4;1
0;419,2,4;2
0;419,2,4;3
0;420,0,4;1
0;420,0,4;2
0;420,2,4;0
0;420,2,4;3
0;421,0,4;1
0;421,0,4;2
0;421,2,4;2
0;421,2,4;3
1;422,0,4;423,2,4;0
0;422,0,4;1
0;422,2,4;2
0;423,0,4;3
0;423,2,4;2
0;424,0,4;0
0;424,0,4;1
0;424,2,4;2
0;424,3,4;1
0;425,0,4;0
0;425,0,4;3
0;425,1,3;2
0;425,2,3;2
0;426,0,4;1
0;426,0,4;3
0;426,1,3;0
0;426,2,3;0
0;427,0,3;2
0;427,0,3;3
0;427,2,4;1
0;427,2,4;2
0;428,0,3;0
0;428,0,3;3
0;428,1,3;1
0;428,2,3;1
0;429,0,3;0
0;429,0,3;2
0;429,1,3;3
0;429,2,3;3
0;430,0,3;0
0;430,0,3;1
0;430,2,4;2
0;430,2,4;3
0;431,0,4;0
0;431,0,4;3
0;431,1,3;2
0;431,2,3;2
0;432,0,3;0
0;432,0,3;3
0;432,1,3;1
0;432,2,3;1
0;433,0,3;3
0;433,0,3;0
0;433,2,4;1
0;433,2,4;2
0;434,0,3;2
0;434,0,3;3
0;434,1,3;0
0;434,2,3;0
0;435,0,3;1
0;435,0,3;2
0;435,1,3;3
0;435,2,3;3
0;436,0,3;0
0;436,0,4;1
0;436,2,4;3
0;436,2,4;2
0;437,0,4;0
0;437,1,4;1
0;437,2,4;0
0;437,3,4;1
0;438,0,4;3
0;438,1,4;2
0;438,2,4;3
0;438,3,4;2
0;439,0,4;0
0;439,1,4;0
0;439,2,4;3
0;439,3,4;3
0;440,0,4;0
0;440,1,4;2
0;440,2,4;0
0;440,3,4;2
0;441,0,4;3
0;441,1,4;1
0;441,2,4;3
0;441,3,4;1
0;442,0,4;2
0;442,1,4;2
0;442,2,4;0
0;442,3,4;0
0;443,0,4;3
0;443,1,4;2
0;443,2,4;3
0;443,3,4;1
0;444,0,4;2
0;444,1,4;0
0;444,2,4;1
0;444,3,4;0
0;445,0,4;2
0;445,1,4;1
0;445,2,4;3
0;445,3,4;2
0;446,0,4;0
0;446,1,4;3
0;446,2,4;0
0;446,3,4;3
0;447,0,4;0
0;447,1,4;3
0;447,2,4;0
0;447,3,4;3
0;448,0,4;0
0;448,1,4;3
0;448,2,4;0
0;448,3,4;3
0;449,0,4;1
1;449,0,4;450,0,4;0
1;450,0,4;450,2,4;3
1;450,2,4;451,2,4;1
1;451,2,4;452,0,4;2
1;452,0,4;452,2,4;0
1;452,2,4;453,0,4;3
1;453,0,4;453,2,4;1
1;453,2,4;454,0,4;2
1;454,0,4;454,2,4;0
1;454,2,4;455,0,4;2
1;454,3,4;455,0,4;1
0;455,0,4;3
0;455,2,4;0
0;456,0,4;1
0;457,2,4;3
0;458,0,4;0
0;458,2,4;2
0;459,0,4;1
0;459,2,4;3
0;460,0,4;0
0;461,2,4;1
0;462,0,4;3
0;462,2,4;3
0;463,0,4;2
0;464,0,4;0
0;464,2,4;2
0;465,0,4;1
0;465,2,4;0
0;466,0,4;3
1;467,0,4;468,0,4;0
