bpm,200.0
offset,599
1;5,3,4;12,0,4;3
1;6,0,4;12,0,4;0
1;14,0,3;14,2,3;0
0;14,0,3;3
1;14,2,3;15,1,3;1
1;15,1,3;16,0,3;2
1;16,0,3;17,1,3;0
1;17,1,3;18,0,3;3
1;18,0,3;18,2,3;1
1;18,2,3;19,1,3;2
1;19,1,3;20,0,3;0
1;20,0,3;20,1,3;1
1;20,4,6;21,1,6;1
1;21,1,6;22,0,6;3
1;22,0,6;22,4,6;0
1;22,4,6;23,2,6;2
1;23,2,6;24,0,6;1
1;24,0,3;25,1,3;2
1;25,2,6;29,3,6;0
1;26,0,6;29,3,6;1
1;27,0,6;29,3,6;3
1;28,0,6;29,3,6;2
0;30,0,3;0
0;30,0,3;1
0;30,0,3;3
0;30,2,3;2
0;30,2,3;3
0;31,1,3;0
0;31,1,3;3
0;32,0,3;0
0;32,0,3;2
0;32,2,3;1
0;32,2,3;2
0;33,1,3;0
0;33,1,3;3
0;34,0,3;0
0;34,0,3;1
0;34,2,3;1
0;34,2,3;2
0;35,1,3;2
0;35,1,3;3
0;36,0,3;0
0;36,0,3;1
0;36,2,3;2
0;36,2,3;3
1;37,1,3;38,0,3;0
0;37,1,3;3
0;38,2,3;1
0;38,2,3;3
0;39,1,3;0
0;39,1,3;3
0;40,0,3;0
0;40,0,3;1
0;40,2,3;0
0;40,2,3;3
0;41,1,3;1
0;41,1,3;3
0;42,0,3;0
0;42,0,3;1
0;42,2,3;0
0;42,2,3;3
0;43,1,3;0
0;43,1,3;2
0;44,0,3;1
0;44,0,3;3
0;44,2,3;2
0;44,2,3;3
0;45,1,3;0
0;45,1,3;1
0;46,0,3;0
0;46,0,3;2
0;46,0,3;3
0;46,2,3;1
0;47,0,3;2
0;47,0,3;3
0;47,2,3;3
1;48,0,3;48,2,3;0
0;48,0,3;1
0;48,0,3;2
1;48,2,3;49,1,3;1
0;48,2,3;3
1;49,1,3;50,0,3;2
0;49,1,3;3
0;50,0,3;0
0;50,0,3;1
0;50,0,3;3
0;50,2,3;0
0;51,0,3;1
0;51,0,3;2
0;51,2,3;2
0;52,0,3;0
0;52,0,3;1
1;52,0,3;52,2,3;3
1;52,2,3;53,1,3;2
1;53,1,3;54,0,3;1
0;54,0,3;0
0;54,0,3;2
0;54,0,3;3
0;54,2,3;1
0;55,0,3;0
0;55,0,3;3
0;55,2,3;1
1;56,0,3;56,2,3;2
0;56,0,3;3
1;56,2,3;57,1,3;0
0;56,2,3;3
1;57,1,3;58,0,3;1
0;57,1,3;2
0;58,0,3;0
0;58,0,3;2
0;58,0,3;3
0;58,2,3;2
0;59,0,3;0
0;59,0,3;1
0;59,2,3;2
1;60,0,3;60,2,3;0
0;60,0,3;1
0;60,0,3;3
0;60,2,3;2
1;60,2,3;61,1,3;3
0;61,1,3;1
1;61,1,3;62,0,3;2
0;62,0,3;0
0;62,0,3;1
0;62,0,3;3
0;62,2,3;2
0;63,0,3;0
1;63,0,3;63,1,3;1
1;63,1,3;63,2,3;2
1;63,2,3;64,0,3;3
0;64,0,3;0
0;64,0,3;1
0;64,2,3;0
0;64,2,3;2
0;65,0,3;3
0;65,1,3;1
0;65,2,3;2
0;66,0,3;0
0;66,0,3;1
0;66,2,3;0
0;66,2,3;3
1;67,0,3;67,1,3;2
1;67,1,3;67,2,3;1
1;67,2,3;68,0,3;2
0;68,0,3;0
0;68,0,4;3
0;68,2,3;2
1;69,0,3;69,1,3;3
1;69,1,3;69,2,3;1
1;69,2,3;70,0,3;2
0;70,0,3;0
0;70,0,3;3
0;70,2,3;1
0;70,2,3;2
1;71,0,3;71,1,3;0
1;71,1,3;71,2,3;3
1;71,2,3;72,0,3;2
0;72,0,3;0
0;72,0,3;1
0;72,2,3;0
0;72,2,3;1
0;73,0,3;2
0;73,1,3;0
0;73,2,3;1
0;74,0,3;2
0;74,0,3;3
0;74,2,3;2
0;74,2,3;3
1;75,0,3;75,1,3;1
1;75,1,3;75,2,3;3
1;75,2,3;76,0,3;0
0;76,0,3;1
0;76,0,3;2
1;78,0,3;79,0,3;0
0;78,0,3;2
0;78,0,3;3
0;79,0,3;1
0;79,0,3;2
1;79,0,3;80,0,3;3
0;80,0,3;0
1;80,0,3;81,0,3;1
0;80,0,3;2
0;81,0,3;0
1;81,0,3;82,0,3;2
0;81,0,3;3
0;82,0,3;0
0;82,0,3;1
1;82,0,3;83,0,3;3
0;83,0,3;0
1;83,0,3;84,0,3;1
0;83,0,3;2
0;84,0,3;0
1;84,0,3;85,0,3;2
0;84,0,3;3
1;85,0,3;86,0,3;0
0;85,0,3;1
0;85,0,3;3
0;86,0,3;1
0;86,0,3;2
1;86,0,3;87,0,3;3
0;87,0,3;0
1;87,0,3;88,0,3;1
0;87,0,3;2
0;88,0,3;0
0;88,0,3;2
1;88,0,3;89,0,3;3
0;89,0,3;0
1;89,0,3;90,0,3;1
0;89,0,3;2
0;90,0,3;0
0;90,0,3;2
1;90,0,3;91,0,3;3
0;91,0,3;0
0;91,0,3;1
1;91,0,3;92,0,3;2
1;92,0,3;92,1,3;0
0;92,0,3;1
0;92,0,3;3
1;92,4,6;94,0,6;1
1;93,0,3;94,0,3;2
1;94,0,6;98,0,6;0
1;94,0,6;98,0,6;3
0;98,0,6;1
0;98,0,6;2
0;102,0,4;0
0;102,0,4;1
1;102,0,4;102,2,4;3
1;102,2,4;103,0,4;2
1;103,0,4;103,2,4;0
0;103,0,4;1
1;103,2,4;104,0,4;1
0;103,2,4;2
1;104,0,4;105,0,4;0
0;104,0,4;2
0;104,0,4;3
0;105,0,4;1
1;105,0,4;105,2,4;3
1;105,2,4;106,0,4;1
0;105,2,4;2
0;106,0,4;0
0;106,0,4;2
1;106,0,4;107,0,4;3
1;107,0,4;107,2,4;0
0;107,0,4;2
0;107,2,4;1
1;107,2,4;108,0,4;2
1;108,0,4;109,0,4;0
0;108,0,4;1
0;108,0,4;3
1;109,0,4;109,2,4;2
0;109,0,4;3
0;109,2,4;0
1;109,2,4;110,0,4;1
0;110,0,4;0
0;110,0,4;2
1;110,0,4;111,0,4;3
0;111,0,4;0
1;111,0,4;111,2,4;1
1;111,2,4;112,0,4;2
0;111,2,4;3
1;112,0,4;113,0,4;0
0;112,0,4;1
0;112,0,4;3
0;113,0,4;2
1;113,0,4;113,2,4;3
0;113,2,4;1
1;113,2,4;114,0,4;2
0;114,0,4;0
0;114,0,4;1
1;114,0,4;115,0,4;3
1;115,0,4;115,2,4;0
0;115,0,4;1
1;115,2,4;116,0,4;1
0;115,2,4;2
1;116,0,4;117,0,4;0
0;116,0,4;2
0;116,0,4;3
1;117,0,4;117,2,4;2
0;117,0,4;3
0;117,2,4;0
1;117,2,4;118,0,4;1
0;118,0,4;0
0;118,0,4;2
1;118,0,4;118,2,4;3
1;118,2,4;119,0,4;0
0;118,2,4;2
1;119,0,4;119,2,4;1
0;119,0,4;3
0;119,2,4;0
1;119,2,4;120,0,4;2
1;120,0,4;121,0,4;0
0;120,0,4;1
1;120,0,4;120,2,4;3
0;121,0,4;1
1;121,0,4;121,2,4;2
1;121,2,4;122,0,4;1
0;121,2,4;3
0;122,0,4;0
0;122,0,4;2
1;122,0,4;123,0,4;3
0;123,0,4;0
1;123,0,4;123,2,4;1
1;123,2,4;124,0,4;2
0;123,2,4;3
1;124,0,4;125,0,4;0
0;124,0,4;1
0;124,0,4;3
1;124,2,4;125,0,4;3
1;125,0,4;125,2,4;1
0;125,0,4;2
0;125,2,4;0
1;125,2,4;126,0,4;2
1;126,0,4;126,2,4;0
0;126,0,4;1
1;126,0,4;127,0,4;3
1;126,2,4;127,0,4;1
0;127,0,4;0
1;127,0,4;127,2,4;2
1;127,2,4;128,0,4;1
0;127,2,4;3
1;128,0,4;128,2,4;0
0;128,0,4;2
1;128,0,4;129,0,4;3
1;129,0,4;129,2,4;1
0;129,0,4;2
1;129,2,4;130,0,4;2
0;129,2,4;3
1;130,0,4;131,0,4;0
0;130,0,4;1
0;130,0,4;3
0;131,0,4;2
1;131,0,4;131,2,4;3
0;131,2,4;0
1;131,2,4;132,0,4;1
1;132,0,4;132,2,4;0
0;132,0,4;3
1;132,2,4;133,0,4;1
0;132,2,4;2
0;133,0,4;0
1;133,0,4;133,2,4;2
0;133,2,4;1
1;133,2,4;134,0,4;3
0;134,0,4;0
0;134,0,4;1
0;134,0,4;2
0;134,2,3;0
1;135,0,3;135,1,3;1
1;135,1,3;135,2,3;2
1;135,2,3;136,0,3;0
0;136,0,3;1
0;136,0,3;2
0;136,0,3;3
0;136,2,3;3
0;137,0,3;1
0;137,1,3;2
0;137,2,3;3
0;138,0,3;0
0;138,0,3;1
0;138,0,3;2
0;138,2,3;2
1;139,0,3;139,1,3;0
1;139,1,3;139,2,3;1
1;139,2,3;140,0,3;2
0;140,0,3;0
0;140,0,3;1
0;140,0,3;3
0;140,2,3;0
0;141,0,3;3
0;141,1,3;1
0;141,2,3;3
0;142,0,3;0
0;142,0,3;1
0;142,0,3;2
1;142,2,3;143,0,3;0
1;143,0,3;143,1,3;3
1;143,1,3;143,2,3;2
1;143,2,3;144,0,3;0
0;144,0,3;1
0;144,0,3;2
0;144,0,3;3
0;144,2,3;3
0;145,0,3;1
0;145,1,3;3
0;145,2,3;0
0;146,0,3;1
0;146,0,3;2
0;146,0,3;3
0;146,2,3;3
1;147,0,3;147,1,3;1
1;147,1,3;147,2,3;3
1;147,2,3;148,0,3;2
0;148,0,3;0
0;148,0,3;1
0;148,0,3;3
0;148,2,3;1
1;149,0,3;149,1,3;3
1;149,1,3;149,2,3;1
1;149,2,3;150,0,3;2
0;150,0,3;0
0;150,0,3;1
0;150,0,3;3
0;150,2,3;0
1;151,0,3;151,1,3;3
1;151,1,3;151,2,3;2
1;151,2,3;152,0,3;1
0;152,0,3;0
0;152,0,3;2
0;152,0,3;3
0;152,2,3;3
1;153,0,3;153,1,3;0
1;153,1,3;153,2,3;2
1;153,2,3;154,0,3;3
0;154,0,3;0
0;154,0,3;1
0;154,0,3;2
0;154,2,3;2
0;155,0,3;0
0;155,1,3;2
0;155,2,3;3
0;156,0,3;0
0;156,0,3;1
0;156,0,3;2
0;156,2,3;0
1;157,0,3;157,1,3;3
1;157,1,3;157,2,3;1
1;157,2,3;158,0,3;2
0;158,0,3;0
0;158,0,3;1
0;158,0,3;3
0;158,2,3;0
0;159,0,3;3
1;159,1,3;159,2,3;1
1;159,2,3;160,0,3;2
0;160,0,3;0
0;160,0,3;1
0;160,0,3;3
0;160,2,3;0
0;161,0,3;3
0;161,1,3;1
0;161,2,3;3
1;162,0,3;163,0,3;0
1;162,0,8;163,0,8;1
1;163,0,8;164,0,8;3
1;164,0,3;164,1,3;0
1;164,0,3;165,0,3;1
1;165,0,8;166,0,8;2
1;165,0,8;165,4,8;3
0;166,0,3;0
0;166,0,3;1
0;166,0,3;3
0;166,1,3;2
1;166,2,3;167,0,3;0
0;167,0,3;1
0;167,0,3;2
1;167,0,3;167,1,3;3
1;167,1,3;167,2,3;0
1;167,2,3;168,0,3;2
0;168,0,3;0
0;168,0,3;1
0;168,0,3;3
0;168,1,3;2
0;168,2,3;1
0;169,0,3;0
0;169,0,3;2
0;169,0,3;3
0;169,1,3;1
0;169,2,3;3
0;170,0,3;0
0;170,0,3;1
0;170,0,3;2
0;170,1,3;3
0;170,2,3;1
0;171,0,3;0
0;171,0,3;2
0;171,0,3;3
0;171,1,3;1
0;171,2,3;3
0;172,0,3;0
0;172,0,3;1
0;172,0,3;2
0;172,1,3;3
0;172,2,3;1
1;173,0,3;173,1,3;0
0;173,0,3;2
0;173,0,3;3
1;173,1,3;173,2,3;1
1;173,2,3;174,0,3;3
0;174,0,3;0
0;174,0,3;1
0;174,0,3;2
0;174,1,3;3
0;174,2,3;2
0;175,0,3;0
0;175,0,3;1
0;175,0,3;3
0;175,1,3;2
0;175,2,3;0
0;176,0,3;1
0;176,0,3;2
0;176,0,3;3
0;176,1,3;0
0;176,2,3;2
0;177,0,3;0
0;177,0,3;1
0;177,0,3;3
0;177,1,3;2
0;177,2,3;1
0;178,0,3;0
0;178,0,3;2
0;178,0,3;3
0;178,1,3;1
0;178,2,3;3
1;179,0,3;179,1,3;0
0;179,0,3;1
0;179,0,3;2
1;179,1,3;179,2,3;3
1;179,2,3;180,0,3;1
0;180,0,3;0
0;180,0,3;2
0;180,0,3;3
0;180,1,3;1
0;180,2,3;2
0;181,0,3;0
0;181,0,3;1
1;181,0,3;181,1,3;3
1;181,1,3;181,2,3;2
1;181,2,3;182,0,3;0
0;182,0,3;1
0;182,0,3;2
0;182,0,3;3
0;182,1,3;0
1;182,2,3;183,0,3;3
1;183,0,3;183,1,3;0
0;183,0,3;1
0;183,0,3;2
1;183,1,3;183,2,3;1
1;183,2,3;184,0,3;2
0;184,0,3;0
0;184,0,3;1
0;184,0,3;3
0;184,1,3;2
0;184,2,3;1
0;185,0,3;0
0;185,0,3;2
0;185,0,3;3
0;185,1,3;1
0;185,2,3;3
0;186,0,3;0
0;186,0,3;1
0;186,0,3;2
0;186,1,3;3
0;186,2,3;1
1;187,0,3;187,1,3;0
0;187,0,3;2
0;187,0,3;3
1;187,1,3;187,2,3;1
1;187,2,3;188,0,3;3
0;188,0,3;0
0;188,0,3;1
0;188,0,3;2
0;188,1,3;3
0;188,2,3;1
0;189,0,3;0
0;189,0,3;2
1;189,0,3;189,1,3;3
1;189,1,3;189,2,3;1
1;189,2,3;190,0,3;2
0;190,0,3;0
0;190,0,3;1
0;190,0,3;3
0;190,1,3;2
1;190,2,3;191,0,3;0
0;191,0,3;1
0;191,0,3;2
1;191,0,3;191,1,3;3
1;191,1,3;191,2,3;0
1;191,2,3;192,0,3;1
0;192,0,3;0
0;192,0,3;2
0;192,0,3;3
0;192,1,3;1
0;192,2,3;3
1;193,0,3;193,1,3;0
0;193,0,3;1
0;193,0,3;2
1;193,1,3;193,2,3;3
1;193,2,3;194,0,3;1
0;194,0,3;0
0;194,0,3;2
0;194,0,3;3
0;194,1,3;2
0;194,2,3;2
0;195,0,3;0
0;195,0,3;1
0;195,1,3;1
0;195,2,3;2
0;196,0,3;0
0;196,0,3;3
0;196,1,3;3
0;196,2,3;1
0;197,0,3;2
1;197,0,3;197,1,3;3
1;197,1,3;198,0,3;0
0;198,0,4;2
0;198,0,4;3
0;198,1,4;1
0;198,2,4;2
0;198,3,4;3
0;199,0,4;0
0;199,0,4;1
0;199,1,4;3
0;199,2,4;0
0;199,3,4;3
0;200,0,4;1
0;200,0,4;2
0;200,1,4;0
0;200,2,4;3
0;200,3,4;1
0;201,0,4;0
0;201,0,4;3
0;201,1,4;2
0;201,2,4;0
0;201,3,4;1
1;202,0,4;202,2,4;0
0;202,0,4;3
1;202,2,4;203,0,4;2
0;202,2,4;3
0;203,0,4;0
0;203,0,4;1
0;203,1,4;3
0;203,2,4;1
0;203,3,4;3
0;204,0,4;0
0;204,0,4;2
0;204,1,4;1
0;204,2,4;2
0;204,3,4;3
0;205,0,4;0
0;205,0,4;1
0;205,1,4;2
0;205,2,4;0
0;205,3,4;1
0;206,0,4;2
0;206,0,4;3
0;206,1,4;0
0;206,2,4;1
0;206,3,4;3
0;207,0,4;0
0;207,0,4;2
0;207,1,4;3
0;207,2,4;2
0;207,3,4;1
0;208,0,4;0
0;208,0,4;3
0;208,1,4;2
0;208,2,4;1
0;208,3,4;2
0;209,0,4;0
0;209,0,4;3
0;209,1,4;1
0;209,2,4;3
0;209,3,4;2
0;210,0,4;0
0;210,0,4;1
0;210,1,4;3
0;210,2,4;2
0;210,3,4;1
0;211,0,4;0
0;211,0,4;3
0;211,1,4;2
0;211,2,4;3
0;211,3,4;0
0;212,0,4;1
0;212,0,4;2
0;212,1,4;3
0;212,2,4;0
0;212,3,4;2
0;213,0,4;1
0;213,0,4;3
0;213,1,4;2
0;213,2,4;1
0;213,3,4;3
0;214,0,4;0
0;214,0,4;2
0;214,1,4;1
0;214,2,4;3
0;214,3,4;1
0;215,0,4;0
0;215,0,4;3
0;215,1,4;2
0;215,2,4;1
0;215,3,4;2
0;216,0,4;0
0;216,0,4;1
0;216,1,4;3
0;216,2,4;2
0;216,3,4;1
0;217,0,4;0
0;217,0,4;3
0;217,1,4;2
0;217,2,4;1
0;217,3,4;2
0;218,0,4;0
1;218,0,4;218,2,4;1
1;218,2,4;219,0,4;2
0;218,2,4;3
0;219,0,4;0
0;219,0,4;3
0;219,1,4;1
0;219,2,4;3
0;219,3,4;1
0;220,0,4;0
0;220,0,4;2
0;220,1,4;3
0;220,2,4;1
0;220,3,4;2
0;221,0,4;0
0;221,0,4;3
0;221,1,4;1
0;221,2,4;0
0;221,3,4;3
0;222,0,4;1
0;222,0,4;2
0;222,1,4;0
0;222,2,4;3
0;222,3,4;0
0;223,0,4;2
0;223,0,4;3
0;223,1,4;1
0;223,2,4;2
0;223,3,4;0
0;224,0,4;1
0;224,0,4;3
0;224,1,4;2
0;224,2,4;0
0;224,3,4;1
0;225,0,4;0
0;225,0,4;3
0;225,1,4;2
0;225,2,4;1
0;225,3,4;2
1;226,0,4;227,0,4;0
0;226,0,4;1
1;226,0,4;227,0,4;3
1;227,0,4;227,1,4;1
1;227,0,4;227,2,4;2
1;227,2,4;228,0,4;0
1;227,2,4;227,3,4;3
1;228,0,4;228,2,4;2
1;228,0,4;228,2,4;3
1;228,2,4;229,0,4;0
1;228,2,4;229,0,4;1
0;229,0,4;2
0;229,0,4;3
0;230,0,4;0
0;230,0,4;3
0;231,2,4;2
0;232,0,3;0
0;232,0,3;1
0;233,2,4;2
0;234,0,3;0
0;234,0,3;3
0;234,3,4;1
0;235,2,4;2
0;236,0,3;0
0;236,0,3;3
0;238,0,3;0
0;238,0,3;2
0;239,2,4;2
0;240,0,3;0
0;240,0,3;1
0;241,2,4;1
0;242,0,3;0
0;242,0,3;3
0;242,3,4;2
0;243,2,4;1
0;244,0,3;2
0;244,0,3;3
0;246,0,4;0
0;246,0,4;1
0;247,1,3;2
0;248,0,4;0
0;248,0,4;3
0;249,1,3;3
0;250,0,4;0
0;250,0,4;2
0;250,2,3;1
0;251,1,3;2
0;252,0,4;0
0;252,0,4;1
0;252,2,3;2
0;253,1,3;1
0;254,0,4;0
0;254,0,4;3
0;254,2,3;1
0;255,0,3;2
0;255,0,3;3
0;255,2,3;2
0;256,0,3;0
0;256,0,3;3
0;256,2,3;2
0;257,0,3;0
0;257,0,3;1
0;257,2,3;1
0;258,0,3;0
0;258,0,3;3
0;258,2,3;1
0;258,2,3;3
0;259,1,3;0
0;260,0,4;2
0;260,0,4;3
0;260,2,3;0
0;260,2,3;3
0;261,1,3;0
0;261,1,3;1
0;262,0,3;0
0;262,0,3;2
0;262,0,3;3
0;262,2,3;1
0;262,2,3;2
0;262,2,3;3
0;263,1,3;0
0;263,1,3;1
0;263,2,3;2
0;264,0,3;1
0;264,0,3;3
0;264,2,3;0
0;264,2,3;1
0;264,2,3;3
0;265,1,3;1
0;265,1,3;2
0;265,1,3;3
0;266,0,3;0
0;266,0,3;2
0;266,0,3;3
0;266,2,3;0
0;266,2,3;1
0;267,0,3;2
0;267,1,3;0
0;267,1,3;3
0;267,2,3;1
0;268,0,3;2
0;268,0,3;3
0;268,2,3;0
0;268,2,3;1
0;268,2,3;3
0;269,1,3;1
0;269,1,3;2
0;270,0,3;0
0;270,0,3;2
0;270,0,3;3
0;270,2,3;1
0;270,2,3;2
0;270,2,3;3
0;271,0,3;0
0;271,1,3;1
0;271,1,3;3
0;271,2,3;2
0;272,0,3;0
0;272,0,3;3
0;272,2,3;0
0;272,2,3;1
0;272,2,3;3
0;273,1,3;0
0;273,1,3;1
0;273,1,3;2
0;274,0,3;0
0;274,0,3;2
0;274,0,3;3
0;274,1,3;1
0;274,2,3;0
0;274,2,3;2
0;275,0,3;3
0;275,1,3;0
0;275,1,3;2
0;275,2,3;1
0;276,0,3;2
0;276,0,3;3
0;276,1,3;1
0;276,2,3;0
0;276,2,3;2
0;276,2,3;3
0;277,1,3;1
0;277,1,3;2
0;278,0,3;0
0;278,0,3;1
0;278,0,3;3
0;278,2,3;0
0;278,2,3;1
0;278,2,3;3
0;279,0,3;2
0;279,1,3;0
0;279,1,3;1
0;279,2,3;2
0;280,0,3;1
0;280,0,3;3
0;280,2,3;0
0;280,2,3;2
0;280,2,3;3
0;281,1,3;0
0;281,1,3;1
0;281,1,3;3
0;282,0,3;0
0;282,0,3;2
0;282,0,3;3
0;282,2,3;2
0;282,2,3;3
0;283,0,3;1
0;283,1,3;0
0;283,1,3;3
0;283,2,3;2
0;284,0,3;0
0;284,0,3;1
0;284,2,3;0
0;284,2,3;1
0;284,2,3;3
0;285,1,3;2
0;285,1,3;3
0;286,0,3;0
0;286,0,3;1
0;286,0,3;3
0;286,2,3;0
0;286,2,3;2
0;286,2,3;3
0;287,0,3;1
0;287,1,3;0
0;287,1,3;3
0;287,2,3;2
0;288,0,3;0
0;288,0,3;1
0;288,2,3;0
0;288,2,3;1
0;288,2,3;2
0;289,1,3;0
0;289,1,3;1
0;289,1,3;3
0;290,0,3;0
0;290,0,3;2
0;290,0,3;3
0;290,1,3;0
0;290,2,3;2
0;291,0,3;0
0;291,1,3;3
0;291,2,3;2
0;292,0,3;0
0;292,0,3;1
0;292,0,3;3
0;292,1,3;0
0;292,1,3;2
0;292,1,3;3
0;292,2,3;0
0;292,2,3;1
0;292,2,3;2
0;293,0,6;0
0;293,0,6;3
0;293,1,6;2
0;293,2,6;1
0;293,3,6;0
0;293,4,6;1
0;293,5,6;2
0;294,0,6;0
0;294,1,6;1
0;294,2,6;2
0;294,3,6;3
0;294,4,6;2
0;294,5,6;1
0;295,0,6;3
0;295,1,6;2
0;295,2,6;1
0;295,3,6;0
0;295,2,3;1
0;295,5,6;2
0;296,0,6;0
0;296,1,6;1
0;296,2,6;2
0;296,3,6;3
0;296,4,6;2
0;296,5,6;1
0;297,0,6;3
0;297,1,6;2
0;297,2,6;1
0;297,3,6;0
0;297,4,6;1
0;297,5,6;2
0;298,0,6;0
0;298,1,6;1
0;298,2,6;2
0;298,3,6;3
0;298,4,6;2
0;298,5,6;1
0;299,0,6;3
0;299,1,6;2
0;299,2,6;1
0;299,3,6;0
0;299,4,6;1
0;299,5,6;2
0;300,0,6;0
0;300,1,6;1
0;300,2,6;2
0;300,3,6;3
0;300,4,6;2
0;300,5,6;1
0;301,0,6;3
0;301,1,6;2
0;301,2,6;1
0;301,3,6;0
0;301,4,6;1
0;301,5,6;2
0;302,0,6;0
0;302,1,6;1
0;302,2,6;2
0;302,3,6;3
0;302,4,6;2
0;302,5,6;1
0;303,0,6;3
0;303,1,6;2
0;303,2,6;1
0;303,3,6;0
0;303,4,6;1
0;303,5,6;2
0;304,0,6;0
0;304,1,6;1
0;304,2,6;2
0;304,3,6;3
0;304,4,6;2
0;304,5,6;1
0;305,0,6;3
0;305,1,6;2
0;305,2,6;1
0;305,3,6;0
0;305,4,6;1
0;305,5,6;2
0;306,0,6;0
0;306,1,6;1
0;306,2,6;2
0;306,3,6;3
0;306,4,6;2
0;306,5,6;1
0;307,0,6;3
0;307,1,6;2
0;307,2,6;1
0;307,3,6;0
0;307,4,6;1
0;307,5,6;2
0;308,0,6;0
0;308,1,6;1
0;308,2,6;2
0;308,3,6;3
0;308,4,6;2
1;308,3,4;309,0,4;0
0;309,0,4;1
1;309,0,3;313,0,3;3
1;309,1,3;313,0,3;2
0;311,0,3;0
0;313,0,3;0
0;315,0,3;0
0;317,0,3;0
0;319,0,3;0
0;321,0,3;0
1;323,0,3;325,0,3;0
0;323,0,3;2
1;323,0,3;325,0,3;3
1;325,0,4;325,2,4;1
1;325,0,3;326,0,3;2
0;326,0,6;0
0;326,1,6;1
0;326,2,6;3
0;326,3,6;0
0;326,4,6;1
0;326,5,6;2
1;327,0,3;328,2,3;0
1;327,0,3;328,2,3;3
1;328,1,3;329,0,3;1
1;329,0,3;329,2,3;0
1;329,0,3;329,2,3;3
1;329,2,3;330,0,3;2
1;330,0,4;331,0,4;0
1;330,0,3;330,2,3;3
1;330,2,4;331,0,4;1
0;331,0,4;2
0;331,0,3;3
1;332,0,3;332,1,3;0
1;332,1,3;333,0,3;3
0;333,0,6;0
0;333,0,6;2
0;333,1,6;1
0;333,2,6;0
0;333,3,6;2
0;333,4,6;3
0;333,5,6;1
0;334,0,6;2
0;334,1,6;0
0;334,2,6;3
0;334,3,6;2
0;334,4,6;1
0;334,5,6;2
1;335,0,3;336,2,3;0
1;335,0,3;336,2,3;3
1;336,1,3;337,0,3;2
1;337,0,3;337,2,3;0
1;337,0,3;337,2,3;3
1;337,2,3;338,0,3;1
1;338,0,3;338,2,3;0
1;338,0,3;339,0,3;3
1;338,2,4;339,0,4;2
0;339,0,3;0
0;339,0,3;1
1;339,2,3;340,0,3;3
1;340,0,3;341,0,3;0
1;340,2,3;341,0,3;2
1;341,0,3;342,0,3;1
1;341,0,3;342,0,3;3
0;342,0,6;0
0;342,1,6;2
0;342,2,6;3
0;342,3,6;0
0;342,4,6;1
0;342,5,6;2
1;343,0,3;344,2,3;0
1;343,0,3;344,2,3;3
1;344,1,3;345,0,3;1
1;345,0,3;345,2,3;0
1;345,0,3;345,2,3;3
1;345,2,3;346,0,3;2
1;346,0,3;346,2,3;0
1;346,0,3;347,0,3;3
1;346,2,4;347,0,4;1
0;347,0,3;0
0;347,0,3;2
1;347,2,3;348,0,3;0
1;348,0,3;348,1,3;2
1;348,1,3;349,0,3;1
0;349,0,6;0
0;349,0,6;3
0;349,1,6;2
0;349,2,6;0
0;349,3,6;1
0;349,4,6;2
0;349,5,6;3
0;350,0,6;0
0;350,1,6;3
0;350,2,6;2
0;350,3,6;1
0;350,4,6;0
0;351,0,6;2
0;351,0,6;3
0;351,1,6;1
0;351,2,6;2
0;351,3,6;3
0;351,4,6;0
0;352,0,6;3
0;352,1,6;1
0;352,2,6;0
0;352,3,6;3
0;352,4,6;1
0;353,0,6;0
0;353,0,6;3
0;353,1,6;2
0;353,2,6;1
0;353,3,6;3
0;353,4,6;0
0;353,5,6;1
0;354,0,6;2
0;354,0,6;3
0;354,1,6;0
0;354,2,6;1
0;354,3,6;3
0;354,4,6;2
0;354,5,6;0
0;355,0,6;1
0;355,0,6;2
0;355,0,6;3
1;355,2,3;356,1,3;0
1;355,2,3;356,1,3;3
1;356,1,3;357,0,3;1
1;356,2,3;357,0,3;2
1;357,0,3;358,0,3;0
1;357,0,4;357,2,4;3
0;358,0,6;2
0;358,0,6;3
0;358,1,6;1
0;358,2,6;3
0;358,3,6;0
0;358,4,6;2
0;358,5,6;1
1;359,0,3;360,2,3;2
1;359,0,3;360,2,3;3
1;360,1,3;361,0,3;1
1;361,0,3;361,2,3;2
1;361,0,3;361,2,3;3
1;361,2,3;362,2,4;0
1;362,0,3;363,0,3;2
1;362,0,4;362,2,4;3
1;362,2,4;363,0,4;1
0;363,0,3;0
0;363,0,3;3
1;364,0,6;364,1,6;3
1;364,1,6;364,2,6;2
1;364,2,6;364,3,6;0
1;364,3,6;364,4,6;1
1;364,4,6;365,0,6;3
0;365,0,6;0
0;365,0,6;1
0;365,1,6;2
0;365,2,6;3
0;365,3,6;1
0;365,4,6;0
0;365,5,6;3
0;366,0,6;2
0;366,1,6;1
0;366,2,6;2
0;366,3,6;0
0;366,4,6;1
0;366,5,6;2
1;367,0,3;368,2,3;0
1;367,0,3;368,2,3;1
0;367,0,6;3
1;368,1,3;369,0,3;2
1;369,0,3;369,2,3;0
1;369,0,3;369,2,3;1
1;369,2,3;370,2,4;3
1;370,0,4;370,2,4;0
1;370,0,4;371,0,4;1
1;370,2,4;371,0,4;2
0;371,0,3;0
0;371,0,3;3
1;371,2,3;372,0,3;0
1;371,2,3;372,0,3;1
1;372,1,3;372,2,3;2
1;372,1,3;372,2,3;3
1;373,0,3;375,0,3;0
0;373,0,3;1
0;373,0,3;3
0;373,2,3;2
0;373,2,3;3
0;374,1,3;1
0;374,1,3;2
0;374,2,3;1
0;374,2,3;2
0;375,0,3;1
0;375,0,3;2
0;375,0,3;3
0;375,2,3;0
1;375,2,3;376,1,3;2
0;375,2,3;3
1;376,1,3;377,0,3;1
0;376,1,3;3
0;376,2,3;0
0;376,2,3;2
0;377,0,3;0
0;377,0,3;2
1;377,0,3;379,0,3;3
0;377,2,3;0
0;377,2,3;1
0;378,1,3;1
0;378,1,3;2
0;378,2,3;0
0;378,2,3;2
0;379,0,3;0
0;379,0,3;1
1;379,0,3;380,0,3;2
0;379,2,3;0
0;379,2,3;3
0;380,0,3;0
1;380,0,3;381,0,3;1
0;380,0,3;3
0;380,1,3;2
0;380,1,3;3
0;380,2,3;0
0;380,2,3;2
1;381,0,4;385,0,4;0
0;381,0,3;2
0;381,0,3;3
1;383,0,4;385,0,4;3
0;385,0,3;2
0;385,1,4;1
0;385,2,4;3
0;385,3,4;2
0;386,0,4;1
0;386,1,4;0
0;386,2,4;1
0;387,0,4;0
0;387,0,4;2
0;387,0,4;3
0;387,2,4;0
0;387,2,4;1
0;388,0,4;1
0;388,0,4;3
0;388,2,4;0
0;388,2,4;3
1;389,0,4;391,0,4;0
1;389,0,4;389,1,4;1
0;389,0,4;2
0;389,2,4;2
0;389,2,4;3
0;390,0,4;1
0;390,0,4;3
0;390,2,4;2
0;390,2,4;3
0;391,0,4;1
0;391,0,4;2
0;391,2,4;0
1;391,2,4;394,0,4;2
1;391,2,4;391,3,4;3
0;392,0,4;1
0;392,0,4;3
0;392,2,4;0
0;392,2,4;3
0;393,0,4;0
0;393,0,4;1
0;393,2,4;0
0;393,2,4;3
0;394,0,4;0
0;394,0,4;3
0;394,2,4;1
0;394,2,4;3
1;395,0,4;395,1,4;0
0;395,0,4;1
1;395,0,4;396,0,4;3
0;395,1,4;2
0;395,2,4;0
0;395,2,4;1
0;396,0,4;1
0;396,0,4;2
0;396,2,4;0
1;396,2,4;396,3,4;1
1;396,2,4;398,0,4;2
0;396,3,4;3
0;397,0,4;0
0;397,0,4;1
0;397,2,4;1
0;397,2,4;3
0;398,0,4;0
1;398,0,4;399,0,4;1
1;398,0,4;398,1,4;3
0;398,1,4;2
0;398,2,4;0
0;398,2,4;3
0;399,0,4;0
0;399,0,4;2
1;399,2,4;400,0,4;0
0;399,2,4;3
1;400,0,4;400,2,4;1
0;400,0,4;2
0;400,2,4;0
1;400,2,4;401,0,4;3
0;401,0,4;0
1;401,0,4;401,1,4;1
1;401,0,4;402,0,4;2
0;401,1,4;3
0;401,2,4;0
0;401,2,4;1
0;402,0,4;0
0;402,0,4;1
1;402,2,4;403,2,4;1
1;402,2,4;402,3,4;2
0;402,2,4;3
0;402,3,4;0
0;403,0,4;2
0;403,0,4;3
0;403,2,4;0
0;403,2,4;3
1;404,0,4;404,2,4;0
0;404,0,4;1
0;404,0,4;2
0;404,1,4;3
1;404,2,4;405,0,4;1
0;404,2,4;2
0;405,0,4;0
0;405,0,4;3
0;405,2,4;0
0;405,2,4;1
1;405,2,4;406,0,4;3
1;406,0,4;406,2,4;0
0;406,0,4;2
1;406,2,4;407,0,4;1
0;406,2,4;3
0;407,0,4;0
0;407,0,4;2
1;407,0,4;407,2,4;3
1;407,2,4;408,0,4;0
0;407,2,4;1
0;408,0,4;1
1;408,0,4;408,2,4;2
1;408,2,4;408,3,4;0
1;408,2,4;409,2,4;1
0;408,2,4;3
0;408,3,4;2
0;409,0,4;0
0;409,0,4;3
1;409,2,4;410,0,4;0
0;409,2,4;2
0;409,2,4;3
0;410,0,4;1
0;410,0,4;2
0;410,1,4;0
0;410,1,4;3
0;410,2,4;1
0;410,2,4;2
0;411,0,4;0
0;411,0,4;1
0;411,0,4;3
0;411,2,4;2
0;411,2,4;3
0;412,0,4;0
0;412,0,4;1
0;412,1,4;2
0;412,1,4;3
0;412,2,4;0
0;412,2,4;1
0;413,0,4;0
0;413,0,4;1
1;413,0,4;414,2,4;2
1;413,0,4;413,1,4;3
0;413,2,4;1
0;413,2,4;3
0;414,0,4;0
0;414,0,4;3
0;414,2,4;0
1;414,2,4;415,2,4;1
1;414,2,4;414,3,4;3
0;414,3,4;2
0;415,0,4;0
0;415,0,4;3
1;415,2,4;416,0,4;0
0;415,2,4;2
0;415,2,4;3
0;416,0,4;1
1;416,0,4;416,1,4;2
1;416,0,4;417,2,4;3
0;416,1,4;0
0;416,2,4;1
0;416,2,4;2
0;417,0,4;1
0;417,0,4;2
0;417,2,4;0
1;417,2,4;418,0,4;1
0;417,2,4;2
0;418,0,4;0
1;418,0,4;418,2,4;3
0;418,2,4;1
1;418,2,4;419,0,4;2
1;419,0,4;419,2,4;0
0;419,0,4;1
0;419,0,4;3
1;419,2,4;420,0,4;1
0;419,2,4;2
1;420,0,4;420,2,4;2
0;420,0,4;3
1;420,2,4;421,0,4;0
0;420,2,4;1
0;420,2,4;3
0;421,0,4;2
1;421,0,4;421,2,4;3
0;421,2,4;0
1;421,2,4;422,0,4;2
1;422,0,4;422,1,4;0
1;422,0,4;423,2,4;1
0;422,0,4;3
0;422,1,4;2
0;422,2,4;0
0;422,2,4;3
0;423,0,4;0
0;423,0,4;2
0;423,2,4;2
0;423,2,4;3
0;424,0,4;0
0;424,0,4;1
0;424,0,4;3
0;424,2,4;0
0;424,2,4;2
0;424,3,4;1
0;425,0,4;0
0;425,0,4;2
0;425,0,4;3
0;425,1,3;1
0;425,1,3;3
0;425,2,3;0
0;425,2,3;1
0;426,0,3;0
0;426,0,3;3
0;426,1,3;2
0;426,1,3;3
0;426,2,3;1
0;426,2,3;2
0;427,0,4;0
0;427,0,4;1
0;427,0,4;3
0;427,2,4;0
0;427,2,4;3
0;428,0,4;0
0;428,0,4;1
0;428,0,4;3
0;428,1,3;0
0;428,1,3;2
0;428,2,3;2
0;428,2,3;3
0;429,0,3;0
0;429,0,3;3
0;429,1,3;0
0;429,1,3;2
0;429,2,3;1
0;429,2,3;2
0;430,0,4;0
0;430,0,4;2
0;430,0,4;3
0;430,2,4;1
0;430,2,4;2
0;431,0,4;0
0;431,0,4;1
0;431,0,4;2
0;431,1,3;0
0;431,1,3;3
0;431,2,3;2
0;431,2,3;3
0;432,0,3;0
0;432,0,3;2
0;432,1,3;0
0;432,1,3;3
0;432,2,3;1
0;432,2,3;2
0;433,0,3;0
0;433,0,3;1
0;433,0,3;3
0;433,2,4;0
0;433,2,4;3
0;434,0,4;1
0;434,0,4;2
0;434,0,4;3
0;434,1,3;0
0;434,1,3;3
0;434,2,3;0
0;434,2,3;2
0;435,0,3;1
0;435,0,3;2
0;435,1,3;1
0;435,1,3;3
0;435,2,3;0
0;435,2,3;3
0;436,0,4;0
0;436,0,4;1
0;436,0,3;2
0;436,2,4;1
0;436,2,4;2
0;437,0,4;0
0;437,0,4;3
0;437,2,8;2
0;437,2,8;3
0;437,4,8;1
0;437,6,8;1
0;438,0,4;0
0;438,0,4;3
0;438,1,4;0
0;438,2,8;1
0;438,4,8;2
0;438,6,8;2
0;439,0,4;0
0;439,0,4;3
0;439,1,4;1
0;439,1,4;2
0;439,2,4;0
0;439,2,4;3
0;439,3,4;1
0;439,3,4;2
0;440,0,4;0
0;440,0,4;3
0;440,1,4;2
0;440,1,4;3
0;440,4,8;1
0;440,6,8;1
0;441,0,4;0
0;441,0,8;3
0;441,2,8;1
0;441,1,4;3
0;441,4,8;2
0;441,6,8;2
0;442,0,8;0
0;442,0,8;1
0;442,2,8;2
0;442,2,8;3
0;442,4,8;0
0;442,4,8;1
0;442,6,8;2
0;442,3,4;3
0;443,0,4;0
0;443,0,4;1
0;443,1,6;3
0;443,2,6;2
0;443,3,6;0
0;443,4,6;3
0;443,5,6;1
0;444,0,6;2
0;444,1,6;3
0;444,2,6;0
0;444,3,6;1
0;444,2,4;2
0;444,4,6;3
0;444,5,6;2
0;445,0,6;0
0;445,1,6;3
0;445,2,6;2
0;445,3,6;1
0;445,4,6;0
0;445,7,8;2
0;446,0,8;0
0;446,1,8;3
0;446,2,8;2
0;446,3,8;1
0;446,4,8;3
0;446,5,8;0
0;446,6,8;1
0;446,7,8;2
0;447,0,8;0
0;447,1,8;1
0;447,2,8;3
0;447,3,8;2
0;447,4,8;0
0;447,5,8;1
0;447,6,8;2
0;447,7,8;3
0;448,0,8;1
0;448,1,8;0
0;448,2,8;3
0;448,3,8;2
0;448,4,8;1
0;448,5,8;0
0;448,6,8;2
0;448,7,8;3
1;449,0,8;450,0,4;0
0;449,0,8;1
1;450,0,4;450,2,4;3
1;450,2,4;451,2,4;1
1;451,2,4;452,0,4;2
1;452,0,4;452,2,4;0
1;452,2,4;453,0,4;3
1;453,0,4;453,2,4;2
1;453,2,4;454,0,4;0
1;454,0,4;454,2,4;1
1;454,2,4;455,0,4;2
1;454,3,4;455,0,4;3
1;455,0,8;461,4,8;0
0;455,0,4;1
0;455,2,4;3
0;456,0,4;2
0;457,2,4;3
0;458,0,4;2
0;458,2,4;1
0;459,0,4;1
0;459,2,4;3
0;460,0,4;2
0;461,2,4;3
1;462,0,8;468,0,8;0
0;462,0,4;1
0;462,2,4;2
0;463,0,8;3
0;464,0,4;1
0;464,2,4;3
0;465,0,4;2
0;465,2,4;1
0;466,0,4;3
1;467,0,4;468,0,4;3
