bpm,163.0
offset,{"$ver":0
0;2,0,4;3
0;3,0,4;0
0;4,0,4;3
0;5,0,4;0
0;6,0,4;3
0;7,0,4;0
0;7,2,4;3
0;8,2,4;1
0;9,0,4;1
0;10,0,4;0
1;10,0,4;11,0,4;3
1;12,0,4;13,0,4;1
1;14,0,4;15,0,4;2
1;16,0,4;17,0,4;0
1;18,0,4;19,0,4;2
1;20,0,4;21,0,4;1
1;22,0,4;22,2,4;3
1;23,0,4;23,2,4;0
1;24,0,4;25,0,4;2
1;26,0,4;27,0,4;0
0;26,0,4;3
0;27,0,4;2
1;28,0,4;29,0,4;2
0;29,0,4;1
1;30,0,4;31,0,4;1
0;31,0,4;2
1;32,0,4;33,0,4;3
0;33,0,4;0
1;34,0,4;35,0,4;1
0;35,0,4;2
1;36,0,4;37,0,4;2
0;37,0,4;1
0;37,2,4;3
1;38,0,4;40,0,4;0
0;38,0,4;3
0;40,2,4;3
0;41,0,4;1
0;41,2,4;2
0;42,0,288;0
0;42,0,288;3
0;43,0,288;3
0;43,0,288;0
0;44,0,288;1
0;45,0,288;1
0;45,0,288;3
0;46,0,288;2
0;47,0,288;0
0;47,0,288;2
0;48,0,288;3
0;49,0,288;1
0;49,0,288;2
0;50,0,288;0
0;51,0,288;0
0;51,0,288;3
0;52,0,288;2
0;53,0,288;2
0;53,0,288;1
0;54,0,288;3
0;55,0,288;0
0;55,0,288;1
0;56,0,288;2
0;56,144,288;3
0;57,0,288;1
0;57,144,288;2
0;58,0,288;0
0;58,0,288;3
0;59,0,288;0
0;59,0,288;3
0;60,0,288;2
0;61,0,288;0
0;61,0,288;2
0;62,0,288;1
0;63,0,288;1
0;63,0,288;3
0;64,0,288;0
0;65,0,288;1
0;65,0,288;2
0;66,0,288;3
0;67,0,288;3
0;67,0,288;0
0;68,0,288;1
0;69,0,288;1
0;69,0,288;2
0;70,0,288;0
0;71,0,288;2
0;71,0,288;3
0;72,0,288;1
0;72,144,288;2
0;73,0,4;2
0;73,0,4;1
0;74,0,4;0
0;75,0,4;3
0;76,0,4;1
0;77,0,4;3
0;78,0,4;0
0;79,0,4;2
0;80,0,4;1
0;81,0,4;2
0;82,0,4;3
0;83,0,4;0
0;84,0,4;2
0;85,0,4;0
0;86,0,4;3
0;87,0,4;1
0;88,0,4;2
0;89,0,4;1
0;90,0,4;0
0;91,0,4;3
0;92,0,4;1
0;93,0,4;2
0;94,0,4;0
0;95,0,4;3
0;96,0,4;1
0;97,0,4;2
0;98,0,4;3
0;99,0,4;0
0;100,0,4;2
0;101,0,4;1
1;102,0,4;103,0,4;1
1;102,0,4;103,0,4;2
0;106,0,4;1
0;107,0,4;0
0;107,0,4;3
0;108,0,4;2
0;109,0,4;0
0;109,0,4;3
0;110,0,4;1
0;111,0,4;2
0;111,0,4;0
0;112,0,4;3
0;113,0,4;1
0;113,0,4;2
0;114,0,4;2
0;115,0,4;0
0;115,0,4;3
0;116,0,4;1
0;117,0,4;0
0;117,0,4;3
1;118,0,4;118,2,4;0
1;119,0,4;119,2,4;2
1;120,0,4;120,2,4;1
1;121,0,4;121,2,4;3
0;122,0,4;0
0;123,0,4;0
0;123,0,4;3
0;124,0,4;1
0;125,0,4;1
0;125,0,4;3
0;126,0,4;3
0;127,0,4;3
0;127,0,4;0
0;128,0,4;2
0;129,0,4;2
0;129,0,4;0
0;130,0,4;1
0;131,0,4;1
0;131,0,4;2
0;132,0,4;3
0;133,0,4;0
0;133,0,4;3
1;134,0,4;135,0,4;1
0;138,0,4;2
0;139,0,4;1
0;140,0,4;3
0;141,0,4;2
0;142,0,4;1
0;143,0,4;0
0;144,0,4;2
0;145,0,4;1
0;145,2,4;2
0;146,0,4;1
0;147,0,4;3
0;148,0,4;3
0;149,0,4;2
0;150,0,4;0
0;151,0,4;1
0;152,0,4;2
0;153,0,4;3
0;154,0,4;2
0;155,0,4;1
0;156,0,4;0
0;157,0,4;2
0;157,2,4;1
0;158,0,4;3
0;158,2,4;0
0;159,0,4;2
0;160,0,4;2
0;161,0,4;1
0;162,0,4;3
0;163,0,4;2
0;164,0,4;0
0;165,0,4;1
0;166,0,4;2
0;167,0,4;1
0;168,0,4;3
0;169,0,4;1
0;169,2,4;2
0;170,0,4;0
0;170,2,4;3
0;171,0,4;1
0;172,0,4;1
0;173,0,4;0
0;174,0,4;3
0;175,0,4;2
0;176,0,4;1
0;177,0,4;0
0;178,0,4;1
0;179,0,4;2
0;180,0,4;3
0;181,0,4;1
0;181,2,4;2
0;182,0,4;1
0;182,2,4;2
0;183,0,4;1
1;184,0,4;185,0,4;3
0;185,0,4;0
1;186,0,4;186,3,4;1
0;186,0,4;3
0;186,3,4;2
0;187,2,4;0
1;188,0,4;188,3,4;2
0;188,3,4;1
0;189,2,4;3
1;190,0,4;190,3,4;1
0;190,3,4;2
0;191,2,4;0
0;192,0,4;3
0;192,2,4;1
0;193,0,4;3
0;193,2,4;0
1;194,0,4;194,3,4;2
0;194,3,4;0
0;195,2,4;2
1;196,0,4;196,3,4;1
0;196,3,4;3
0;197,2,4;1
1;198,0,4;198,3,4;2
0;198,3,4;0
0;199,2,4;3
0;200,0,4;0
0;200,2,4;2
0;201,0,4;3
0;201,2,4;1
1;202,0,4;202,3,4;0
0;202,0,4;3
0;202,3,4;2
0;203,2,4;0
1;204,0,4;204,3,4;3
0;204,3,4;1
0;205,2,4;3
1;206,0,4;206,3,4;0
0;206,3,4;2
0;207,2,4;1
0;208,0,4;0
0;208,2,4;3
0;209,0,4;1
0;209,2,4;2
1;210,0,4;210,3,4;3
0;210,3,4;1
0;211,2,4;2
0;212,0,4;0
0;212,2,4;2
0;213,0,4;3
0;213,2,4;1
0;214,0,4;1
1;214,0,4;215,2,4;2
0;216,2,4;0
0;217,0,4;1
0;217,2,4;2
0;218,0,4;0
0;218,0,4;3
0;219,0,4;0
0;219,0,4;2
0;220,0,4;1
0;221,0,4;0
0;221,0,4;3
0;222,0,4;2
0;223,0,4;1
0;223,0,4;3
0;224,0,4;0
0;225,0,4;0
0;225,0,4;3
0;226,0,4;2
0;227,0,4;1
0;227,0,4;3
0;228,0,4;0
0;229,0,4;2
0;229,0,4;3
0;230,0,4;1
0;231,0,4;0
0;231,0,4;3
0;232,0,4;1
0;232,2,4;3
0;233,0,4;2
0;233,2,4;1
0;234,0,288;0
0;234,0,288;3
0;235,0,288;1
0;235,0,288;3
0;236,0,288;2
0;237,0,288;3
0;237,0,288;0
0;238,0,288;1
0;239,0,288;0
0;239,0,288;2
0;240,0,288;3
0;241,0,288;0
0;241,0,288;3
0;242,0,288;1
0;243,0,288;0
0;243,0,288;2
0;244,0,288;3
0;245,0,288;1
0;245,0,288;0
0;246,0,288;2
0;247,0,288;0
0;247,0,288;3
0;248,0,4;3
0;248,144,288;0
0;249,0,288;2
0;249,144,288;1
0;250,0,288;0
0;250,0,288;3
0;251,0,288;3
0;251,0,288;0
0;252,0,288;2
0;253,0,288;0
0;253,0,288;2
0;254,0,288;1
0;255,0,288;1
0;255,0,288;3
0;256,0,288;0
0;257,0,288;1
0;257,0,288;2
0;258,0,288;3
0;259,0,288;3
0;259,0,288;0
0;260,0,288;1
0;261,0,288;1
0;261,0,288;2
0;262,0,288;0
0;263,0,288;2
0;263,0,288;3
0;264,0,288;1
0;264,144,288;0
0;265,0,288;2
0;265,144,288;1
0;266,0,288;0
0;266,0,288;3
0;267,0,288;0
0;267,0,288;3
0;268,0,288;1
0;269,0,288;1
0;269,0,288;3
0;270,0,288;2
0;271,0,288;0
0;271,0,288;2
0;272,0,288;3
0;273,0,288;1
0;273,0,288;2
0;274,0,288;0
0;275,0,288;0
0;275,0,288;3
0;276,0,288;2
0;277,0,288;1
0;277,0,288;2
0;278,0,288;3
0;279,0,288;0
0;279,0,288;1
0;280,0,288;2
0;280,144,288;1
0;281,0,4;2
0;281,0,4;1
0;282,0,4;3
0;284,0,4;1
0;286,0,4;2
0;288,0,4;0
0;289,0,4;1
0;290,0,4;2
0;292,0,4;1
0;294,0,4;3
0;296,0,4;0
0;297,0,4;1
0;298,0,4;2
0;300,0,4;1
0;302,0,4;3
0;304,0,4;2
0;306,0,4;0
0;306,0,4;3
0;308,0,4;1
0;308,0,4;2
0;309,0,4;2
0;310,0,4;0
0;310,0,4;3
0;312,0,4;1
0;312,0,4;2
