bpm,163.0
offset,-6
1;2,0,4;2,1,4;1
1;2,0,4;2,1,4;0
1;3,0,4;3,1,4;3
1;3,0,4;3,1,4;2
1;4,0,4;4,1,4;1
1;4,0,4;4,1,4;0
1;5,0,4;5,1,4;3
1;5,0,4;5,1,4;2
1;6,0,4;6,1,4;1
1;6,0,4;6,1,4;0
1;7,0,4;7,1,4;3
1;7,0,4;7,1,4;2
1;7,2,4;7,3,4;0
1;7,2,4;7,3,4;1
0;8,0,4;2
0;8,0,4;3
0;8,2,4;0
0;8,3,4;0
1;9,0,4;10,0,4;1
1;9,2,4;10,0,4;2
1;10,0,4;12,0,4;0
0;10,0,4;3
1;12,0,4;14,0,4;2
1;14,0,4;16,0,4;1
1;16,0,4;18,0,4;3
1;18,0,4;20,0,4;1
1;20,0,4;22,0,4;2
1;22,0,4;23,0,4;0
1;23,0,4;24,0,4;3
1;24,0,4;25,0,4;0
1;24,2,4;25,0,4;1
1;25,0,4;25,2,4;2
1;25,0,4;26,0,4;3
1;26,0,4;28,0,4;0
0;26,0,4;1
0;26,0,4;2
0;26,2,4;2
0;27,0,4;3
0;27,0,4;1
0;27,2,4;1
1;28,0,4;30,0,4;2
0;28,0,4;3
0;28,2,4;1
0;29,0,4;0
0;29,0,4;3
0;29,2,4;0
1;30,0,4;32,0,4;1
0;30,0,4;3
0;30,2,4;0
0;31,0,4;2
0;31,0,4;3
0;31,2,4;2
1;32,0,4;34,0,4;3
0;32,0,4;0
0;32,2,4;2
0;33,0,4;0
0;33,0,4;1
0;33,2,4;1
1;34,0,4;36,0,4;0
0;34,0,4;2
0;34,2,4;3
0;35,0,4;1
0;35,0,4;2
0;35,2,4;1
0;36,0,4;2
1;36,0,4;37,2,4;3
0;36,2,4;0
0;37,0,4;1
0;37,0,4;2
0;37,2,4;0
0;37,2,4;2
0;38,0,4;0
1;38,0,4;40,0,4;1
0;38,0,4;3
0;38,2,4;2
0;39,2,4;2
0;40,2,4;3
0;40,3,4;3
1;41,0,4;42,0,4;2
1;41,2,4;42,0,4;1
1;42,0,4;42,2,4;0
1;42,0,4;42,2,4;3
0;42,2,4;2
1;43,0,4;43,2,4;3
1;43,0,4;43,2,4;0
0;43,2,4;1
0;43,3,4;2
0;44,0,4;0
0;44,0,4;3
0;44,1,4;1
0;44,1,4;2
0;44,2,4;0
0;44,3,4;2
0;44,3,4;3
0;45,0,4;0
0;45,0,4;1
0;45,2,4;1
0;45,2,4;2
0;46,0,4;1
0;46,0,4;3
0;46,2,4;0
0;46,2,4;2
0;47,0,4;1
0;47,0,4;2
0;47,2,4;0
0;47,2,4;2
0;47,3,4;3
0;48,0,4;1
0;48,0,4;2
0;48,1,4;0
0;48,1,4;3
0;48,2,4;1
0;48,3,4;3
0;48,3,4;2
0;49,0,4;0
0;49,0,4;1
0;49,1,4;2
0;49,1,4;3
0;49,2,4;0
0;49,2,4;1
1;50,0,4;50,2,4;0
1;50,0,4;50,2,4;2
0;50,2,4;3
1;51,0,4;51,2,4;0
1;51,0,4;51,2,4;2
0;51,2,4;1
0;51,3,4;3
0;52,0,4;2
0;52,0,4;0
0;52,1,4;1
0;52,1,4;3
0;52,2,4;0
0;52,3,4;3
0;52,3,4;2
0;53,0,4;0
0;53,0,4;1
0;53,2,4;0
0;53,2,4;2
1;54,0,4;54,2,4;1
1;54,0,4;54,2,4;3
0;54,2,4;2
1;55,0,4;55,2,4;0
1;55,0,4;55,2,4;1
0;55,2,4;3
0;55,3,4;2
0;56,0,4;3
0;56,0,4;1
0;56,2,4;1
0;56,2,4;2
0;57,0,4;0
0;57,0,4;3
0;57,1,4;1
0;57,1,4;2
0;57,2,4;0
0;57,2,4;3
0;57,3,4;1
0;57,3,4;2
1;58,0,4;58,2,4;0
1;58,0,4;58,2,4;3
0;58,2,4;1
1;59,0,4;59,2,4;0
1;59,0,4;59,2,4;3
0;59,2,4;2
0;59,3,4;1
0;60,0,288;0
0;60,0,288;3
0;60,72,288;1
0;60,72,288;2
0;60,144,288;3
0;60,216,288;0
0;60,216,288;1
0;61,0,288;2
0;61,0,288;3
0;61,144,288;1
0;61,144,288;2
0;62,0,288;0
0;62,0,288;2
0;62,144,288;1
0;62,144,288;3
0;63,0,288;1
0;63,0,288;2
0;63,144,288;1
0;63,144,288;3
0;63,3,4;0
0;64,0,288;1
0;64,0,288;2
0;64,72,288;0
0;64,72,288;3
0;64,144,288;2
0;64,216,288;1
0;64,216,288;0
0;65,0,288;2
0;65,0,288;3
0;65,1,4;0
0;65,72,288;1
0;65,2,4;2
0;65,2,4;3
1;66,0,4;66,2,4;1
1;66,0,4;66,2,4;3
0;66,2,4;0
1;67,0,4;67,2,4;1
1;67,0,4;67,2,4;3
0;67,2,4;2
0;67,3,4;0
0;68,0,288;1
0;68,0,288;3
0;68,72,288;2
0;68,72,288;0
0;68,144,288;3
0;68,216,288;0
0;68,216,288;1
0;69,0,288;2
0;69,0,288;3
0;69,144,288;1
0;69,144,288;3
0;70,0,4;0
0;70,0,288;3
0;70,1,8;2
0;70,2,8;1
0;70,4,8;3
0;70,6,8;0
0;71,0,288;2
0;71,0,8;3
0;71,2,8;1
0;71,6,8;0
0;72,0,4;1
0;72,0,4;2
0;72,2,4;1
0;72,2,4;3
0;72,3,4;3
0;73,0,4;0
1;73,0,4;74,0,4;2
1;73,2,4;74,0,4;1
0;74,0,4;0
0;74,0,4;3
0;74,2,4;1
0;75,0,4;3
0;75,0,4;2
0;75,2,4;1
0;76,0,4;0
0;76,0,4;3
0;76,2,4;1
0;77,0,4;2
0;77,0,4;3
0;77,2,4;1
0;78,0,4;0
0;78,0,4;3
0;78,2,4;2
0;79,0,4;0
0;79,0,4;1
0;79,2,4;2
0;80,0,4;0
0;80,0,4;3
0;80,2,4;2
0;81,0,4;1
0;81,0,4;0
0;81,2,4;2
0;82,0,4;1
0;82,0,4;3
0;82,2,4;0
0;83,0,4;2
0;83,0,4;3
0;83,2,4;1
0;84,0,4;0
0;84,0,4;2
0;84,2,4;3
0;85,0,4;0
0;85,0,4;1
0;85,2,4;2
0;86,0,4;0
0;86,0,4;3
0;86,2,4;1
0;87,0,4;2
0;87,0,4;3
0;87,2,4;1
0;88,0,4;0
0;88,0,4;3
0;88,2,4;2
0;89,0,4;0
0;89,0,4;1
0;89,2,4;2
0;90,0,4;0
0;90,0,4;1
0;90,0,4;3
0;90,2,4;3
0;91,0,8;2
0;91,0,8;0
0;91,2,4;3
0;92,0,4;0
0;92,0,4;1
0;92,2,4;3
0;93,0,4;0
0;93,0,4;2
0;93,2,4;1
0;94,0,4;2
0;94,0,4;3
0;94,2,4;0
0;95,0,4;1
0;95,0,4;3
0;95,2,4;0
0;96,0,4;3
0;96,0,8;2
0;96,2,4;0
0;97,0,4;1
0;97,0,8;3
0;97,2,4;2
0;98,0,4;0
0;98,0,4;3
0;98,4,8;0
0;99,0,4;1
0;99,0,4;2
0;99,2,4;0
0;100,0,4;2
0;100,0,4;3
0;100,2,4;0
0;101,0,4;1
0;101,0,4;2
0;101,2,4;3
0;102,0,8;0
0;102,1,8;1
0;102,2,8;2
0;102,4,8;0
0;102,6,8;0
0;103,0,8;3
0;103,2,8;3
0;103,3,4;0
0;104,0,4;2
0;104,1,4;2
0;104,2,4;1
0;104,3,4;1
0;105,1,4;3
0;105,2,4;3
0;106,0,4;0
0;106,0,4;2
0;106,0,4;1
0;106,1,4;3
0;106,2,4;1
0;106,3,4;2
0;107,0,4;0
0;107,0,4;3
0;107,1,4;1
0;107,2,4;2
0;108,0,4;1
0;108,0,4;3
0;108,2,4;1
0;109,0,4;2
0;109,0,4;0
0;109,2,4;2
0;110,0,4;0
0;110,0,4;3
0;110,2,4;0
0;111,0,4;1
0;111,0,4;2
0;111,1,4;3
0;111,3,4;0
0;112,0,4;1
0;112,0,4;2
0;112,2,4;2
0;113,0,4;0
0;113,0,4;3
0;113,2,4;0
0;114,0,4;2
0;114,0,4;3
0;114,3,16;1
0;114,7,16;0
0;114,11,16;2
0;115,0,4;1
0;115,0,4;3
0;115,1,4;0
0;115,5,8;1
0;115,7,8;2
0;116,0,4;0
0;116,0,4;3
0;116,2,4;1
0;117,0,4;0
0;117,0,4;3
0;117,2,4;2
1;118,0,4;118,2,4;1
0;118,0,4;0
0;118,2,4;3
1;119,0,4;119,2,4;2
0;119,0,4;3
0;119,2,4;1
1;120,0,4;120,2,4;0
0;120,0,4;1
0;120,2,4;2
0;121,0,4;2
1;121,0,4;121,2,4;3
0;121,2,4;1
0;122,0,4;0
0;122,0,4;1
0;122,1,4;3
0;122,2,4;2
0;123,0,4;0
0;123,0,4;3
0;123,1,4;2
0;123,2,4;1
0;123,3,4;2
0;124,0,4;0
0;124,0,4;3
0;124,2,4;0
0;125,0,4;1
0;125,0,4;2
0;125,2,4;2
0;126,0,4;0
0;126,0,4;3
0;126,1,4;1
0;126,2,4;2
0;127,0,12;1
0;127,0,12;0
0;127,2,4;2
0;128,0,4;0
0;128,0,4;3
0;128,2,4;3
0;129,0,4;1
0;129,0,4;2
0;129,2,4;1
0;130,0,4;0
0;130,0,4;3
0;130,2,4;2
0;130,3,4;1
0;131,0,4;2
0;131,0,4;3
0;131,1,4;0
0;131,2,4;3
0;132,0,4;0
0;132,0,8;1
0;132,2,4;3
0;133,0,4;1
0;133,0,4;2
0;133,2,4;0
0;134,0,4;2
0;134,1,8;1
0;134,2,8;3
0;134,2,4;0
0;134,3,4;0
0;135,0,4;2
0;135,0,4;3
0;135,1,4;1
0;135,3,4;3
0;136,0,4;1
0;136,1,4;1
0;136,2,4;3
0;136,3,4;3
0;137,0,4;0
0;137,0,4;1
0;137,1,4;2
0;137,2,4;2
0;138,0,4;0
1;138,0,4;139,0,4;3
1;139,0,4;140,0,4;1
1;140,0,4;140,2,4;2
1;140,2,4;141,0,4;0
1;141,0,4;142,0,4;3
0;142,0,4;0
0;142,2,4;1
1;143,0,4;144,0,4;2
1;144,0,4;145,0,4;0
0;145,0,4;3
0;145,2,4;2
1;146,0,4;147,0,4;1
1;147,0,4;148,0,4;3
0;148,0,4;0
1;149,0,4;149,2,4;2
1;149,2,4;150,0,4;1
1;150,0,4;151,0,4;0
1;151,0,4;152,0,4;2
1;152,0,4;153,0,4;1
1;153,0,4;154,0,4;3
1;154,0,4;155,0,4;0
1;155,0,4;156,0,4;2
1;156,0,4;157,0,4;3
0;157,0,4;0
0;157,2,4;1
0;158,0,4;3
0;158,2,4;2
1;159,0,4;160,0,4;1
0;160,0,4;3
1;161,0,4;161,2,4;2
1;161,2,4;162,0,4;0
1;162,0,4;163,0,4;3
1;163,0,4;164,0,4;2
1;164,0,4;164,2,4;0
1;164,2,4;165,0,4;3
1;165,0,4;166,0,4;1
1;166,0,4;167,0,4;3
1;167,0,12;167,4,12;0
1;167,4,12;168,0,12;2
1;168,0,4;169,0,4;1
0;169,0,4;2
0;169,2,4;3
0;170,0,4;1
0;170,2,4;0
1;171,0,4;172,0,4;2
0;172,0,4;1
1;173,0,4;173,2,4;3
1;173,2,4;174,0,4;0
1;174,0,4;175,0,4;1
1;175,0,4;176,0,4;2
1;176,0,4;177,0,4;0
1;177,0,4;178,0,4;3
1;178,0,4;179,0,4;1
1;179,0,4;180,0,4;2
0;180,0,4;3
1;180,0,4;184,0,4;0
0;181,0,4;3
0;181,2,4;3
0;182,0,4;2
0;182,2,4;2
1;183,0,4;184,0,4;1
1;184,0,4;185,2,4;3
1;184,2,4;185,2,4;2
1;185,0,4;185,2,4;0
1;185,0,4;185,2,4;1
0;186,0,4;0
0;186,0,4;2
1;186,0,4;186,3,4;3
0;186,2,4;1
0;186,3,4;0
0;187,0,4;2
0;187,0,4;3
0;187,2,4;1
0;187,3,4;2
1;188,0,4;188,3,4;0
0;188,0,4;3
0;188,2,4;2
0;188,3,4;3
0;189,0,4;0
0;189,0,4;1
0;189,2,4;2
0;189,3,4;1
0;190,0,4;0
1;190,0,4;190,3,4;3
0;190,2,4;1
0;190,3,4;0
0;191,0,4;3
0;191,0,4;2
0;191,2,4;1
0;191,3,4;2
1;192,0,4;192,2,4;0
0;192,0,4;3
0;192,2,4;2
0;193,0,4;0
1;193,0,4;193,2,4;3
0;193,2,4;1
1;194,0,4;194,3,4;2
0;194,0,4;3
0;194,2,4;0
0;194,3,4;1
0;195,0,4;0
0;195,0,4;3
0;195,2,4;2
0;195,3,4;3
0;196,0,4;0
1;196,0,4;196,3,4;1
0;196,2,4;3
0;196,3,4;2
0;197,0,4;0
0;197,0,4;3
0;197,2,4;1
0;197,3,4;0
1;198,0,4;198,3,4;2
0;198,0,4;3
0;198,2,4;0
0;198,3,4;1
0;199,0,4;3
0;199,0,4;0
0;199,2,4;2
0;200,0,4;3
1;200,0,4;200,2,4;0
0;200,2,4;1
0;201,0,4;0
1;201,0,4;201,2,4;3
0;201,2,4;2
1;202,0,288;202,216,288;0
0;202,0,288;1
0;202,0,288;3
0;202,2,4;2
0;202,216,288;3
0;203,0,288;0
0;203,0,288;1
0;203,144,288;2
0;203,216,288;1
0;204,0,288;0
1;204,0,288;204,216,288;3
0;204,2,4;1
0;204,216,288;0
0;205,0,288;2
0;205,0,288;3
0;205,144,288;1
0;205,216,288;2
1;206,0,288;206,216,288;0
0;206,0,288;3
0;206,2,4;2
0;206,216,288;3
0;207,0,288;0
0;207,0,288;1
0;207,144,288;2
1;208,0,288;208,144,288;3
0;208,0,288;0
0;208,144,288;1
1;209,0,288;209,144,288;0
0;209,0,288;3
0;209,144,288;2
0;210,0,288;0
1;210,0,288;210,216,288;1
0;210,2,4;3
0;210,216,288;2
0;211,0,288;0
0;211,0,288;3
0;211,144,288;1
0;211,216,288;0
1;212,0,4;212,2,4;3
0;212,0,4;2
0;212,2,4;1
1;213,0,4;213,2,4;0
0;213,0,4;3
0;213,2,4;1
0;213,2,4;2
0;214,0,4;0
1;214,0,4;215,2,4;2
0;214,0,4;3
0;214,2,4;1
0;215,2,4;1
0;216,2,4;0
0;216,2,4;2
0;216,3,4;0
1;217,0,4;217,2,4;1
0;217,0,4;3
0;217,2,4;0
1;217,2,4;218,0,4;2
0;218,0,4;0
1;218,0,4;218,2,4;3
0;218,0,4;1
0;218,2,4;1
0;219,0,4;0
0;219,0,4;2
1;219,0,4;219,2,4;3
0;219,2,4;1
0;219,3,4;2
0;220,0,4;0
0;220,0,4;1
0;220,2,4;3
0;221,0,4;0
0;221,0,4;1
0;221,0,4;2
0;221,2,4;2
0;222,0,4;0
0;222,0,4;3
0;222,2,4;1
0;223,0,4;0
0;223,0,4;2
1;223,0,4;223,2,4;3
0;223,2,4;1
0;223,3,4;2
1;224,0,4;224,2,4;0
0;224,0,4;3
0;224,2,4;2
0;225,0,4;3
0;225,0,4;1
0;225,0,4;0
0;225,2,4;3
1;226,0,4;226,2,4;1
0;226,0,4;2
0;226,2,4;0
0;227,0,4;1
1;227,0,4;227,2,4;2
0;227,0,4;3
0;227,2,4;0
0;227,3,4;1
1;228,0,4;228,2,4;0
0;228,0,4;3
0;228,2,4;2
1;228,3,4;229,1,4;3
0;229,0,4;0
0;229,0,4;2
0;229,0,4;1
0;229,2,4;1
0;230,0,4;0
0;230,0,4;3
0;230,2,4;0
0;231,0,4;1
0;231,0,4;2
0;231,0,4;3
0;231,2,4;1
0;231,3,4;2
0;232,0,4;0
0;232,0,4;3
1;232,2,4;233,0,4;3
0;232,2,4;1
0;233,0,4;0
1;233,0,4;233,2,4;2
1;233,2,4;234,0,4;1
0;233,2,4;3
1;234,0,288;234,144,288;0
0;234,0,288;2
0;234,0,288;3
0;234,144,288;2
0;235,0,288;1
0;235,0,4;3
1;235,0,288;235,144,288;0
0;235,144,288;2
0;235,216,288;1
0;236,0,288;2
0;236,0,288;3
0;236,144,288;0
0;237,0,288;1
0;237,0,4;3
0;237,0,288;2
0;237,144,288;1
0;238,0,288;0
0;238,0,288;3
0;238,144,288;2
1;239,0,288;239,144,288;0
0;239,0,288;1
0;239,0,4;3
0;239,144,288;2
0;239,216,288;1
0;240,0,288;0
1;240,0,288;240,144,288;3
0;240,144,288;1
0;241,0,4;2
0;241,0,288;3
0;241,0,288;0
0;241,144,288;0
0;242,0,4;1
0;242,0,4;2
0;242,2,4;2
0;243,0,4;1
0;243,0,4;3
0;243,0,4;0
0;243,2,4;2
0;243,3,4;1
0;244,0,4;0
0;244,0,4;3
0;244,2,4;3
0;245,0,4;0
0;245,0,4;2
0;245,0,4;1
0;245,2,4;1
0;246,0,4;0
1;246,0,4;246,2,4;3
0;246,2,4;2
1;247,0,4;247,2,4;0
0;247,0,4;1
0;247,0,4;3
0;247,2,4;2
0;247,3,4;1
0;248,0,4;2
0;248,0,4;3
0;248,2,4;0
0;248,2,4;2
0;248,3,4;0
0;249,0,4;3
1;249,0,4;250,0,4;1
1;249,2,4;250,0,4;2
1;250,0,4;250,2,4;0
1;250,0,4;250,2,4;3
0;250,2,4;1
1;251,0,4;251,2,4;0
1;251,0,4;251,2,4;3
0;251,2,4;2
0;251,3,4;1
0;252,0,288;0
0;252,0,288;3
0;252,72,288;1
0;252,72,288;2
0;252,144,288;3
0;252,216,288;0
0;252,216,288;1
0;253,0,288;3
0;253,0,288;2
0;253,144,288;1
0;253,144,288;2
0;254,0,288;0
0;254,0,288;2
0;254,144,288;1
0;254,144,288;3
0;255,0,288;1
0;255,0,288;2
0;255,144,288;1
0;255,144,288;3
0;255,3,4;0
0;256,0,288;1
0;256,0,288;2
0;256,72,288;0
0;256,72,288;3
0;256,144,288;2
0;256,216,288;0
0;256,216,288;1
0;257,0,288;2
0;257,0,288;3
0;257,1,4;0
0;257,72,288;1
0;257,144,288;2
0;257,144,288;3
1;258,0,4;258,2,4;1
1;258,0,4;258,2,4;3
0;258,2,4;0
1;259,0,4;259,2,4;3
1;259,0,4;259,2,4;1
0;259,2,4;2
0;259,3,4;0
0;260,0,288;1
0;260,0,288;3
0;260,72,288;0
0;260,72,288;2
0;260,144,288;3
0;260,216,288;0
0;260,216,288;1
0;261,0,288;2
0;261,0,288;3
0;261,144,288;1
0;261,144,288;3
1;262,0,4;262,2,4;0
1;262,0,4;262,2,4;2
0;262,144,288;1
1;263,0,4;263,2,4;3
1;263,0,4;263,2,4;2
0;263,144,288;0
0;263,3,4;1
0;264,0,288;0
0;264,0,288;2
0;264,144,288;1
0;264,144,288;3
0;265,0,288;0
0;265,0,288;3
0;265,72,288;1
0;265,72,288;2
0;265,144,288;0
0;265,144,288;3
0;265,216,288;1
0;265,216,288;2
1;266,0,4;266,2,4;0
1;266,0,4;266,2,4;3
0;266,2,4;2
1;267,0,4;267,2,4;0
1;267,0,4;267,2,4;3
0;267,2,4;1
0;267,3,4;2
0;268,0,288;0
0;268,0,288;3
0;268,72,288;1
0;268,72,288;2
0;268,144,288;0
0;268,216,288;2
0;268,216,288;3
0;269,0,288;0
0;269,0,288;1
0;269,144,288;1
0;269,144,288;2
0;270,0,288;1
0;270,0,288;3
0;270,144,288;0
0;270,144,288;2
0;271,0,288;1
0;271,0,288;2
0;271,144,288;0
0;271,144,288;2
0;271,3,4;3
0;272,0,288;2
0;272,0,288;1
0;272,72,288;0
0;272,72,288;3
0;272,144,288;1
0;272,216,288;2
0;272,216,288;3
0;273,0,288;0
0;273,0,288;1
0;273,72,288;2
0;273,1,4;3
0;273,144,288;0
0;273,144,288;1
1;274,0,4;274,2,4;0
1;274,0,4;274,2,4;2
0;274,2,4;3
1;275,0,4;275,2,4;2
1;275,0,4;275,2,4;0
0;275,2,4;1
0;275,3,4;3
0;276,0,288;2
0;276,0,288;0
0;276,72,288;1
0;276,72,288;3
0;276,144,288;0
0;276,216,288;2
0;276,216,288;3
0;277,0,288;0
0;277,0,288;1
0;277,144,288;0
0;277,144,288;2
0;278,0,288;0
0;278,0,288;3
0;278,36,288;1
0;278,72,288;2
0;278,144,288;0
0;278,216,288;3
0;279,0,288;0
0;279,0,288;1
0;279,72,288;2
0;279,216,288;3
0;280,0,4;1
0;280,0,4;2
0;280,2,4;0
0;280,2,4;2
0;280,3,4;0
1;281,0,4;282,0,4;1
1;281,0,4;282,0,4;2
0;282,0,4;0
0;282,0,4;3
0;282,2,4;1
0;282,3,4;2
0;283,0,4;0
0;283,1,4;2
0;283,2,4;1
0;284,0,4;3
0;284,2,4;1
0;284,3,4;2
0;285,0,4;0
0;285,1,4;2
0;285,2,4;3
0;286,0,4;1
0;286,2,4;2
0;286,3,4;0
0;287,0,4;2
0;287,1,4;1
0;287,2,4;3
0;288,0,4;0
0;288,1,4;2
0;288,2,4;1
0;288,3,4;3
0;289,0,4;0
0;289,1,4;1
0;289,2,4;2
0;289,3,4;3
0;290,0,288;0
0;290,144,288;2
0;290,216,288;1
0;291,0,288;3
0;291,72,288;1
0;291,144,288;2
0;292,0,288;0
0;292,144,288;2
0;292,216,288;1
0;293,0,288;3
0;293,72,288;1
0;293,144,288;0
0;294,0,288;2
0;294,144,288;1
0;294,216,288;3
0;295,0,288;1
0;295,72,288;2
0;295,144,288;0
0;296,0,288;3
0;296,72,288;1
0;296,144,288;3
0;297,0,288;0
0;297,72,288;1
0;297,144,288;3
0;297,216,288;2
0;298,0,4;1
0;298,2,4;3
0;298,3,4;1
0;299,0,4;2
0;299,1,4;0
0;299,2,4;3
0;300,0,4;2
0;300,2,4;1
0;300,3,4;2
0;301,0,4;0
0;301,1,4;3
0;301,2,4;1
0;302,0,4;2
0;302,2,4;0
0;302,3,4;1
0;303,0,4;2
0;303,1,4;3
0;303,2,4;0
0;304,0,4;2
0;304,1,4;1
0;304,2,4;3
0;304,3,4;0
0;305,0,4;1
0;305,1,4;3
0;305,2,4;2
0;305,3,4;1
0;306,0,4;0
0;306,0,4;3
0;306,2,4;2
0;307,0,4;1
0;307,2,4;2
0;308,0,4;0
0;308,0,4;3
0;309,0,4;0
0;310,0,4;2
1;310,0,4;311,2,4;3
0;311,2,4;1
0;311,3,4;2
1;312,0,4;315,0,4;0
0;312,0,4;1
