bpm,163.0
offset,{"$ver":0
1;2,0,4;2,2,4;2
1;3,0,4;3,2,4;0
1;4,0,4;4,2,4;2
1;5,0,4;5,2,4;0
1;6,0,4;6,2,4;2
1;7,0,4;7,1,4;0
1;7,2,4;8,0,4;2
0;8,2,4;3
0;8,3,4;1
1;9,0,4;10,0,4;3
0;10,0,4;0
1;10,0,4;12,0,4;1
1;12,0,4;14,0,4;2
1;14,0,4;16,0,4;0
1;16,0,4;18,0,4;3
1;18,0,4;20,0,4;1
1;20,0,4;22,0,4;3
1;22,0,4;23,0,4;0
1;23,0,4;24,0,4;1
1;24,0,4;25,0,4;2
1;25,0,4;26,0,4;3
0;26,0,4;0
0;26,0,4;2
0;27,0,4;1
0;27,2,4;3
0;28,0,4;1
0;28,2,4;3
0;29,0,4;1
0;29,2,4;3
0;30,0,4;0
0;30,2,4;2
0;31,0,4;0
0;31,2,4;2
0;32,0,4;1
0;32,2,4;3
0;33,0,4;1
0;33,2,4;3
0;34,0,4;0
0;34,2,4;2
0;35,0,4;0
0;35,2,4;2
0;36,0,4;1
0;36,2,4;3
0;37,0,4;1
0;37,2,4;2
0;37,2,4;3
1;38,0,4;40,0,4;0
0;38,0,4;1
0;40,2,4;3
0;40,3,4;0
0;41,0,4;2
0;41,2,4;1
1;42,0,4;42,2,4;0
1;42,0,4;42,2,4;3
1;43,0,4;43,2,4;0
1;43,0,4;43,2,4;3
0;44,0,4;0
0;44,0,4;1
0;44,1,4;2
0;44,1,4;3
0;44,3,4;2
0;44,3,4;3
0;45,2,4;2
0;45,2,4;3
0;46,2,4;1
0;46,2,4;2
0;47,0,4;1
0;47,0,4;2
0;47,2,4;1
0;47,2,4;2
0;48,0,4;0
0;48,0,4;1
0;48,1,4;2
0;48,1,4;3
0;48,3,4;2
0;48,3,4;3
0;49,1,4;0
0;49,1,4;1
0;49,2,4;2
0;49,2,4;3
1;50,0,4;50,2,4;1
1;50,0,4;50,2,4;2
1;51,0,4;51,2,4;1
1;51,0,4;51,2,4;2
0;52,0,4;0
0;52,0,4;1
0;52,1,4;2
0;52,1,4;3
0;52,3,4;2
0;52,3,4;3
0;53,2,4;2
0;53,2,4;3
1;54,0,4;54,2,4;1
1;54,0,4;54,2,4;3
1;55,0,4;55,2,4;0
1;55,0,4;55,2,4;2
0;56,0,4;0
0;56,0,4;2
0;56,2,4;1
0;56,2,4;3
0;57,0,4;0
0;57,0,4;1
0;57,1,4;2
0;57,2,4;1
0;57,3,4;3
1;58,0,288;58,144,288;0
1;58,0,288;58,144,288;2
1;59,0,288;59,144,288;0
1;59,0,288;59,144,288;2
0;60,0,288;0
0;60,0,288;1
0;60,72,288;2
0;60,72,288;3
0;60,3,4;2
0;60,3,4;3
0;61,2,4;2
0;61,2,4;3
0;62,144,288;1
0;62,144,288;2
0;63,0,288;1
0;63,0,288;2
0;63,144,288;1
0;63,144,288;2
0;64,0,288;0
0;64,0,288;1
0;64,72,288;2
0;64,72,288;3
0;64,216,288;2
0;64,216,288;3
0;65,72,288;0
0;65,72,288;1
0;65,144,288;2
0;65,144,288;3
1;66,0,288;66,144,288;1
1;66,0,288;66,144,288;2
1;67,0,288;67,144,288;1
1;67,0,288;67,144,288;2
0;68,0,288;0
0;68,0,288;1
0;68,72,288;2
0;68,72,288;3
0;68,3,4;2
0;68,3,4;3
0;69,2,4;2
0;69,2,4;3
1;70,0,288;70,144,288;1
1;70,0,288;70,144,288;3
1;71,0,288;71,144,288;0
1;71,0,288;71,144,288;2
1;72,0,288;72,144,288;1
1;72,0,288;72,144,288;3
1;73,0,4;73,2,4;0
1;73,0,4;73,2,4;3
0;74,0,4;2
0;75,0,4;0
0;75,0,4;1
0;76,0,4;2
0;77,0,4;0
0;77,0,4;1
0;78,0,4;2
0;79,0,4;0
0;79,0,4;1
0;80,0,4;2
0;81,0,4;0
0;81,0,4;3
0;82,0,4;1
0;83,0,4;2
0;83,0,4;3
0;84,0,4;1
0;85,0,4;2
0;85,0,4;3
0;86,0,4;1
0;87,0,4;2
0;87,0,4;3
0;88,0,4;1
0;89,0,4;2
0;89,0,4;3
0;90,0,4;0
0;90,0,4;3
0;91,0,4;0
0;91,0,4;1
0;92,0,4;3
0;93,0,4;0
0;93,0,4;1
0;94,0,4;3
0;95,0,4;0
0;95,0,4;1
0;96,0,4;3
0;97,0,4;1
0;97,0,4;2
0;98,0,4;0
0;99,0,4;2
0;99,0,4;3
0;100,0,4;0
0;101,0,4;2
0;101,0,4;3
1;102,0,4;105,0,4;0
0;106,0,4;1
0;106,1,4;2
0;106,2,4;1
0;106,3,4;2
0;107,0,4;0
0;107,1,4;3
0;107,2,3;2
0;108,0,4;1
0;108,2,4;3
0;109,0,4;0
0;109,2,4;3
0;110,0,4;1
0;110,2,4;3
0;111,0,4;0
0;111,1,4;2
0;111,3,4;2
0;112,0,4;1
0;112,2,4;3
0;113,0,4;0
0;113,2,4;2
0;114,0,4;1
0;114,1,4;3
0;114,2,4;1
0;114,3,4;3
0;115,1,4;0
0;115,8,12;1
0;116,0,4;3
0;116,2,4;1
0;117,0,4;3
0;117,2,4;0
1;118,0,4;119,0,4;2
1;119,0,4;120,0,4;0
1;120,0,4;121,0,4;2
1;121,0,4;122,0,4;3
0;122,0,4;1
0;122,1,4;2
0;122,2,4;0
0;123,0,4;1
0;123,0,4;3
0;123,1,4;2
0;123,2,4;1
0;123,3,4;2
0;124,0,4;0
0;124,2,4;3
0;125,0,4;0
0;125,0,4;1
0;125,2,4;3
0;126,0,4;2
0;126,1,4;1
0;126,2,4;3
0;127,0,4;0
0;127,0,4;1
0;127,2,4;2
0;128,0,4;0
0;128,2,4;3
0;129,0,4;0
0;129,0,4;2
0;129,2,4;1
0;130,0,4;3
0;130,2,4;1
0;130,3,4;3
0;131,0,4;0
0;131,1,4;3
1;131,2,4;132,2,4;1
0;132,2,4;3
0;133,0,4;1
0;133,0,4;3
0;133,2,4;0
0;134,0,4;2
1;138,0,4;139,0,4;3
1;139,0,4;140,0,4;0
0;140,0,4;3
0;140,2,4;1
1;141,0,4;142,0,4;2
1;142,0,4;143,0,4;1
1;143,0,4;144,0,4;0
1;144,0,4;145,0,4;3
1;145,0,4;146,0,4;0
1;146,0,4;147,0,4;3
1;147,0,4;148,0,4;1
0;149,0,4;3
0;149,2,4;2
1;150,0,4;151,0,4;0
1;151,0,4;152,0,4;1
1;152,0,4;153,0,4;2
1;153,0,4;154,0,4;3
1;154,0,4;155,0,4;1
1;155,0,4;156,0,4;0
1;156,0,4;157,0,4;2
1;158,0,4;159,0,4;3
1;159,0,4;160,0,4;0
0;161,0,4;1
0;161,2,4;2
1;162,0,4;163,0,4;3
1;163,0,4;164,0,4;0
0;164,0,4;3
0;164,2,4;2
1;165,0,4;166,0,4;1
1;166,0,4;167,0,4;0
0;167,0,4;3
0;167,2,4;3
1;168,0,4;169,0,4;0
1;169,0,4;170,0,4;1
1;170,0,4;171,0,4;2
1;171,0,4;172,0,4;3
0;173,0,4;0
0;173,2,4;3
1;174,0,4;175,0,4;0
1;175,0,4;176,0,4;1
1;176,0,4;177,0,4;3
1;177,0,4;178,0,4;2
1;178,0,4;179,0,4;1
1;179,0,4;180,0,4;0
1;180,0,4;184,0,4;3
0;186,0,4;0
0;186,0,4;3
0;186,3,4;1
0;187,2,4;2
0;187,3,4;0
0;188,0,4;3
0;188,3,4;1
0;189,2,4;2
0;189,3,4;0
0;190,0,4;3
0;190,3,4;1
0;191,2,4;2
0;191,3,4;0
0;192,0,4;3
0;192,2,4;1
0;193,0,4;2
0;193,2,4;0
0;194,0,4;3
0;194,3,4;1
0;195,2,4;2
0;195,3,4;0
0;196,0,4;3
0;196,3,4;1
0;197,2,4;3
0;197,3,4;0
0;198,0,4;2
0;198,3,4;1
0;199,2,4;2
0;200,0,4;3
0;200,2,4;1
0;201,0,4;2
0;201,2,4;0
0;202,0,288;2
0;202,0,4;3
0;202,216,288;1
0;203,144,288;2
0;203,216,288;0
0;204,0,4;3
0;204,3,4;1
0;205,2,4;2
0;205,3,4;0
0;206,0,4;3
0;206,216,288;1
0;207,144,288;2
0;208,0,288;3
0;208,144,288;1
0;209,0,288;2
0;209,144,288;0
0;210,0,4;3
0;210,3,4;3
0;211,144,288;0
0;211,3,4;2
0;212,0,4;1
0;212,2,4;3
0;213,0,4;2
0;213,2,4;1
1;214,0,4;216,0,4;0
1;214,0,4;215,2,4;3
0;216,2,4;2
0;216,3,4;0
0;217,0,4;2
0;217,2,4;1
0;218,0,4;0
0;218,0,4;2
1;218,0,4;218,2,4;3
0;219,0,4;1
1;219,0,4;219,2,4;3
0;219,3,4;0
0;220,0,4;2
0;220,0,4;3
0;220,2,4;1
0;221,0,4;3
1;221,2,4;222,0,4;0
0;222,0,4;2
0;222,2,4;1
0;223,0,4;2
1;223,0,4;224,0,4;3
0;224,0,4;0
0;224,0,4;1
0;225,0,4;1
0;225,0,4;3
0;225,2,4;0
1;226,0,4;227,0,4;1
0;226,0,4;2
0;227,0,4;2
1;227,0,4;228,0,4;3
1;228,0,6;228,4,6;0
0;228,0,4;1
0;228,4,6;3
0;229,0,4;1
0;229,2,4;2
0;230,0,4;0
0;230,0,4;3
0;230,2,4;1
0;231,0,4;2
0;231,0,4;3
0;231,3,4;0
0;232,0,4;3
0;232,2,4;2
0;233,0,4;0
0;233,0,4;1
0;233,2,4;2
0;234,0,4;0
0;234,0,4;1
1;234,0,4;234,2,4;3
1;235,0,4;235,2,4;0
0;235,0,4;2
0;235,3,4;3
0;236,0,4;0
0;236,0,4;1
0;236,2,4;2
0;236,2,4;3
0;237,0,4;1
1;237,2,4;238,0,4;0
0;238,0,4;2
0;238,2,4;1
0;239,0,4;2
1;239,0,4;240,0,4;3
0;240,0,4;0
0;240,0,4;1
0;241,0,4;1
0;241,0,4;3
0;241,2,4;0
0;242,0,4;1
0;242,0,4;3
0;242,2,4;3
0;243,0,4;0
0;243,0,4;1
0;243,2,4;3
0;244,0,4;0
0;244,0,4;2
0;244,2,3;3
0;245,0,4;1
0;245,2,4;2
1;246,0,4;247,0,4;0
0;246,0,4;1
0;246,2,4;3
0;247,0,4;1
1;247,0,4;248,0,4;2
0;247,3,4;3
0;248,0,4;1
0;248,2,4;3
0;248,3,4;0
0;249,0,4;2
0;249,2,4;1
1;250,0,288;250,144,288;0
1;250,0,288;250,144,288;3
1;251,0,288;251,144,288;0
1;251,0,288;251,144,288;3
0;252,0,288;0
0;252,0,288;1
0;252,72,288;2
0;252,72,288;3
0;252,216,288;2
0;252,216,288;3
0;253,144,288;2
0;253,144,288;3
0;254,144,288;1
0;254,144,288;2
0;255,0,288;1
0;255,0,288;2
0;255,144,288;1
0;255,144,288;2
0;256,0,288;0
0;256,0,288;1
0;256,72,288;2
0;256,72,288;3
0;256,216,288;2
0;256,216,288;3
0;257,72,288;0
0;257,72,288;1
0;257,144,288;2
0;257,144,288;3
1;258,0,288;258,144,288;1
1;258,0,288;258,144,288;2
1;259,0,288;259,144,288;1
1;259,0,288;259,144,288;2
0;260,0,288;0
0;260,0,288;1
0;260,72,288;2
0;260,72,288;3
0;260,216,288;2
0;260,216,288;3
0;261,144,288;2
0;261,144,288;3
1;262,0,4;262,2,4;1
1;262,0,288;262,144,288;3
1;263,0,288;263,144,288;0
1;263,0,288;263,144,288;2
0;264,0,4;0
0;264,0,4;2
0;264,2,4;1
0;264,2,4;3
0;265,0,288;0
0;265,0,4;1
0;265,72,288;2
0;265,2,4;1
0;265,216,288;3
1;266,0,288;266,144,288;0
1;266,0,288;266,144,288;2
1;267,0,288;267,144,288;0
1;267,0,288;267,144,288;2
0;268,0,288;0
0;268,0,288;1
0;268,72,288;2
0;268,72,288;3
0;268,216,288;2
0;268,216,288;3
0;269,144,288;2
0;269,144,288;3
0;270,144,288;1
0;270,144,288;2
0;271,0,288;1
0;271,0,288;2
0;271,144,288;1
0;271,144,288;2
0;272,0,288;0
0;272,0,288;1
0;272,72,288;2
0;272,72,288;3
0;272,216,288;2
0;272,216,288;3
0;273,72,288;0
0;273,72,288;1
0;273,144,288;2
0;273,144,288;3
1;274,0,288;274,144,288;1
1;274,0,288;274,144,288;2
1;275,0,288;275,144,288;1
1;275,0,288;275,144,288;2
0;276,0,288;0
0;276,0,288;1
0;276,72,288;2
0;276,72,288;3
0;276,216,288;2
0;276,216,288;3
0;277,144,288;2
0;277,144,288;3
1;278,0,288;278,144,288;1
1;278,0,288;278,144,288;3
1;279,0,288;279,144,288;0
1;279,0,288;279,144,288;2
1;280,0,288;280,144,288;1
1;280,0,288;280,144,288;3
1;281,0,288;281,144,288;0
1;281,0,288;281,144,288;3
1;282,0,4;284,0,4;1
0;282,0,4;2
1;284,0,4;286,0,4;2
1;286,0,4;290,0,4;3
1;290,0,4;292,0,4;0
1;292,0,4;294,0,4;2
1;294,0,4;298,0,4;3
1;298,0,4;300,0,4;0
1;300,0,4;302,0,4;1
1;302,0,4;304,0,4;2
1;304,0,4;306,0,4;3
0;306,0,4;1
0;306,2,4;0
0;307,0,4;1
0;307,2,4;2
0;308,0,4;0
0;308,0,4;3
0;309,0,4;1
0;310,0,4;2
0;310,0,4;3
0;311,2,4;2
0;311,3,4;1
0;312,0,4;0
0;312,0,4;3
