bpm,196.00000000000004
offset,305
1;13,0,4;17,0,4;0
0;17,0,1;3
0;25,0,1;1
0;33,0,1;2
0;41,0,1;0
1;45,0,1;49,0,1;3
0;49,0,1;0
0;51,0,1;2
0;53,0,1;1
0;55,0,1;3
0;57,0,1;0
0;59,0,1;3
0;61,0,1;1
0;63,0,1;2
0;65,0,1;1
0;67,0,1;3
0;69,0,1;0
0;71,0,1;3
0;73,0,1;0
0;74,1,2;1
0;76,0,1;2
0;77,1,2;3
0;79,0,1;1
0;80,0,1;2
1;81,0,1;89,0,1;0
0;81,0,1;3
0;89,0,1;3
0;90,1,2;2
0;92,0,1;1
0;93,1,2;0
0;95,0,1;3
0;96,0,1;1
0;97,0,1;3
0;98,0,1;0
0;99,1,2;2
0;100,0,1;0
0;101,0,1;3
0;102,0,1;1
0;103,1,2;2
0;104,0,1;1
0;105,0,1;0
0;106,0,1;3
0;107,1,2;1
0;108,0,1;3
0;109,0,1;0
0;110,0,1;2
0;111,1,2;1
0;112,0,1;2
0;113,0,1;3
0;114,0,1;1
0;115,1,2;2
0;116,0,1;0
0;117,0,1;2
0;118,0,1;1
0;119,1,2;3
0;120,0,1;0
0;121,0,1;2
0;122,0,1;1
0;123,1,2;0
0;124,0,1;3
0;125,0,1;0
0;126,0,1;1
0;127,0,1;2
0;128,0,1;3
0;129,0,1;0
0;130,0,1;3
0;131,1,2;1
0;132,0,1;3
0;133,0,1;0
0;134,0,1;2
0;135,1,2;1
0;136,0,1;3
0;137,0,1;2
0;138,0,1;0
0;139,1,2;3
0;140,0,1;0
0;141,0,1;2
0;142,0,1;1
0;143,1,2;3
0;144,0,1;1
0;145,0,1;0
1;145,0,1;149,0,1;3
0;146,0,1;1
0;147,0,1;2
0;148,0,1;1
1;149,0,1;153,0,1;0
0;153,0,1;3
0;154,0,1;2
0;155,0,1;1
0;156,0,1;0
1;157,0,1;157,1,2;3
1;158,0,1;158,1,2;1
1;159,0,1;159,1,2;2
1;160,0,1;160,1,2;0
0;161,0,1;3
0;162,0,1;1
0;163,0,1;3
0;164,0,1;1
0;165,0,1;2
0;166,0,1;0
0;167,0,1;2
0;168,0,1;0
0;168,1,2;3
0;169,0,1;0
0;170,0,1;2
0;171,0,1;0
0;172,0,1;2
0;173,0,1;1
0;174,0,1;3
0;175,0,1;0
0;175,1,2;1
0;176,0,1;2
0;176,1,2;3
0;177,0,1;0
0;178,0,1;2
0;179,0,1;0
0;180,0,1;2
0;181,0,1;1
0;182,0,1;3
0;183,0,1;1
0;184,0,1;3
0;184,1,2;0
0;185,0,1;3
0;186,0,1;1
0;187,0,1;3
0;188,0,1;1
0;189,0,1;2
0;190,0,1;0
0;191,0,1;3
0;191,1,2;2
0;192,0,1;1
0;192,1,2;0
0;193,0,1;3
0;194,0,1;1
0;194,0,1;3
0;195,0,1;3
0;196,0,1;1
0;196,0,1;3
0;197,0,1;0
0;198,0,1;0
0;198,0,1;2
0;199,0,1;0
0;200,0,1;2
0;200,1,2;0
0;201,0,1;3
0;202,0,1;1
0;202,0,1;3
0;203,0,1;3
0;204,0,1;1
0;204,0,1;3
0;205,0,1;0
0;206,0,1;0
0;206,0,1;2
0;207,0,1;0
0;207,1,2;1
0;208,0,1;2
0;208,1,2;3
0;209,0,1;0
0;210,0,1;3
0;210,1,2;1
0;211,1,4;3
0;212,0,1;0
0;212,1,2;2
0;213,0,1;0
0;213,3,4;3
0;214,1,2;0
0;215,1,4;2
0;216,0,1;1
0;216,1,2;3
0;217,0,1;0
0;217,3,4;2
0;218,1,2;0
0;219,0,1;3
0;219,3,4;1
0;220,1,2;3
1;221,0,1;225,0,1;0
0;225,0,1;3
0;229,0,1;2
0;233,0,1;1
0;237,0,1;0
0;241,0,1;1
0;245,0,1;2
0;249,0,1;3
0;253,0,1;2
0;257,0,1;1
0;261,0,1;2
0;265,0,1;1
0;266,1,2;3
0;267,1,2;0
0;268,1,2;3
0;270,0,1;1
0;271,0,1;3
0;272,0,1;0
0;273,0,1;3
0;274,0,1;2
0;275,0,1;1
0;276,0,1;0
0;277,0,1;2
0;278,0,1;1
0;279,0,1;3
0;280,0,1;2
0;281,0,1;0
0;282,0,1;2
0;283,0,1;1
0;284,0,1;3
1;285,0,1;285,1,2;0
1;286,0,1;286,1,2;1
1;287,0,1;287,1,2;2
1;288,0,1;288,1,2;3
1;289,0,1;299,0,1;0
0;303,1,2;2
0;304,0,1;1
0;305,0,1;0
0;305,0,1;3
0;306,0,1;1
0;307,1,2;3
0;308,0,1;1
0;309,0,1;0
0;310,0,1;2
0;311,1,2;0
0;312,0,1;2
0;313,0,1;1
0;314,0,1;3
0;315,1,2;1
0;316,0,1;3
0;317,0,1;2
0;318,0,1;0
0;319,1,2;2
0;320,0,1;0
0;321,0,1;3
0;322,0,1;1
0;323,1,2;3
0;324,0,1;0
0;325,0,1;2
0;326,0,1;0
0;327,1,2;2
0;328,0,1;1
0;329,0,1;3
0;330,0,1;1
0;331,1,2;3
0;332,0,1;0
1;333,0,1;335,0,1;3
0;334,0,1;1
1;335,0,1;337,0,1;0
0;336,0,1;2
0;337,0,1;3
0;338,0,1;1
0;339,1,2;3
0;340,0,1;0
0;341,0,1;2
0;342,0,1;1
0;343,1,2;3
0;344,0,1;1
0;345,0,1;0
0;346,0,1;3
0;347,1,2;1
0;348,0,1;3
0;349,0,1;0
0;350,0,1;2
0;351,1,2;1
0;352,0,1;3
0;353,0,1;0
0;354,0,1;2
0;355,0,1;0
0;356,0,1;2
0;357,0,1;3
0;358,0,1;1
0;359,0,1;3
0;360,0,1;2
0;361,0,1;0
0;362,0,1;1
0;363,0,1;2
0;364,0,1;0
1;365,0,1;365,1,2;3
1;366,0,1;366,1,2;1
1;367,0,1;367,1,2;2
1;368,0,1;368,1,2;0
0;369,0,1;3
0;371,0,1;2
0;373,0,1;1
0;375,0,1;2
0;377,0,1;0
0;379,0,1;3
0;381,0,1;2
0;383,0,1;1
0;385,0,1;0
0;389,0,1;2
0;391,0,1;1
0;393,0,1;0
0;395,0,1;2
0;397,0,1;1
0;399,0,1;3
0;401,0,1;0
0;402,0,1;3
0;403,0,1;1
0;404,0,1;3
0;405,0,1;0
0;406,0,1;2
0;407,0,1;0
0;408,0,1;2
0;408,1,2;0
0;409,0,1;3
0;410,0,1;1
0;411,0,1;3
0;412,0,1;1
0;413,0,1;0
0;414,0,1;2
0;415,0,1;3
0;415,3,4;1
0;416,1,2;2
0;417,0,1;0
0;418,0,1;0
0;418,0,1;2
0;419,0,1;0
0;420,0,1;0
0;420,0,1;2
0;421,0,1;3
0;422,0,1;1
0;422,0,1;3
0;423,0,1;3
0;424,0,1;1
0;424,0,1;3
0;425,0,1;0
0;426,0,1;1
0;427,0,1;2
0;428,0,1;3
1;429,0,1;429,1,2;0
1;430,0,1;430,1,2;1
1;431,0,1;431,1,2;2
1;432,0,1;432,1,2;3
0;433,0,1;0
0;435,0,1;0
0;437,0,1;1
0;439,0,1;1
0;441,0,1;2
0;443,0,1;2
0;445,0,1;3
0;447,0,1;3
0;449,0,1;1
0;451,0,1;1
0;453,0,1;2
0;455,0,1;2
0;457,0,1;0
0;459,0,1;3
1;461,0,1;465,0,1;0
1;461,0,1;465,0,1;3
