bpm,132.0
offset,418
0;5,0,4;0
0;5,0,4;1
0;5,3,4;1
0;6,0,4;1
0;6,0,4;2
0;6,2,4;2
0;7,0,4;2
0;7,0,4;3
0;7,3,4;0
0;8,0,4;0
0;8,0,4;1
0;8,2,4;1
0;9,0,4;1
0;9,0,4;2
0;9,3,4;2
0;10,0,4;2
0;10,0,4;3
0;10,2,4;0
0;11,0,4;0
0;11,0,4;1
0;11,3,4;1
0;12,0,4;1
0;12,0,4;2
0;12,2,4;2
0;13,0,4;2
0;13,0,4;3
0;13,3,4;0
0;14,0,4;0
0;14,0,4;1
0;14,2,4;1
0;15,0,4;1
0;15,0,4;2
0;15,3,4;2
0;16,0,4;2
0;16,0,4;3
0;16,2,4;0
0;17,0,4;0
0;17,0,4;1
0;17,3,4;1
0;18,0,4;1
0;18,0,4;2
0;18,2,4;2
0;19,0,4;2
0;19,0,4;3
0;19,3,4;0
0;20,0,4;0
0;20,0,4;1
0;20,2,4;1
0;21,0,4;1
0;21,0,4;2
0;21,0,4;3
0;21,3,4;0
0;21,3,4;2
0;22,0,4;2
0;22,0,4;3
0;22,2,4;0
0;22,2,4;2
0;23,0,4;0
0;23,0,4;1
0;23,2,4;1
0;23,2,4;2
0;24,0,4;2
0;24,0,4;3
0;24,2,6;1
0;24,2,4;1
0;25,0,4;0
0;25,0,4;3
0;25,3,4;1
0;25,3,4;3
0;26,0,4;0
0;26,0,4;1
0;26,2,4;1
0;26,2,4;3
0;27,0,4;2
0;27,0,4;3
0;27,2,4;1
0;27,2,4;2
0;28,0,4;0
0;28,0,4;1
0;28,2,6;2
0;28,2,4;2
0;29,0,4;0
0;29,0,4;3
0;29,3,4;0
0;29,3,4;2
0;30,0,4;2
0;30,0,4;3
0;30,2,4;0
0;30,2,4;2
0;31,0,4;0
0;31,0,4;1
0;31,2,4;1
0;31,2,4;2
0;32,0,4;2
0;32,0,4;3
0;32,2,6;1
0;32,2,4;1
0;33,3,4;0
0;33,3,4;3
0;34,2,4;0
0;34,2,4;3
0;35,2,6;0
0;35,2,6;3
0;35,2,4;1
0;35,2,4;2
1;36,0,4;36,3,4;0
1;36,0,4;36,2,4;1
1;36,0,4;36,2,4;2
1;36,0,4;36,3,4;3
1;37,0,4;37,2,4;2
0;37,0,4;3
1;37,2,4;38,0,4;1
0;38,0,4;0
1;38,0,4;38,2,4;3
1;38,2,4;39,0,4;2
0;39,0,4;0
1;39,0,4;39,2,4;1
0;39,2,4;2
0;39,3,4;0
0;40,0,4;0
1;40,0,4;40,2,4;3
0;40,2,4;2
0;41,0,4;0
1;41,0,4;41,2,4;1
1;41,2,4;42,0,4;2
0;41,3,4;0
1;42,0,4;42,2,4;0
0;42,0,4;3
1;42,2,4;43,0,4;1
0;43,0,4;0
1;43,0,4;43,2,4;2
1;43,2,4;44,0,4;3
0;43,3,4;1
0;44,0,4;1
1;44,0,4;44,2,4;2
1;44,2,4;45,0,4;3
0;45,0,4;0
1;45,0,4;45,2,4;1
1;45,2,4;46,0,4;2
0;45,3,4;0
1;46,0,4;46,2,4;0
0;46,0,4;3
1;46,2,4;47,0,4;1
0;47,0,4;2
1;47,0,4;47,2,4;3
0;47,2,4;1
0;47,3,4;2
1;48,0,4;48,2,4;0
0;48,0,4;2
0;48,2,4;1
1;49,0,4;49,2,4;2
0;49,0,4;3
1;49,2,4;50,0,4;1
0;49,3,4;3
1;50,0,4;50,2,4;0
0;50,0,4;3
1;50,2,4;51,0,4;2
1;51,0,4;51,2,4;1
0;51,0,4;3
1;51,2,4;52,0,4;0
0;51,3,4;2
1;52,0,4;52,2,4;1
0;52,0,4;2
1;52,2,4;53,0,4;0
1;53,0,4;53,2,4;1
0;53,0,4;3
1;53,2,4;54,0,4;2
0;53,3,4;3
1;54,0,4;54,2,4;1
0;54,0,4;3
1;54,2,4;55,0,4;0
1;55,0,4;55,2,4;2
0;55,0,4;3
0;55,2,4;1
0;55,3,4;0
0;56,0,4;0
1;56,0,4;56,2,4;3
0;56,2,4;2
0;57,0,4;0
1;57,0,4;57,2,4;1
1;57,2,4;58,0,4;2
0;57,3,4;0
1;58,0,4;58,2,4;0
0;58,0,4;3
1;58,2,4;59,0,4;1
0;59,0,4;0
1;59,0,4;59,2,4;2
1;59,2,4;60,0,4;3
0;59,3,4;1
0;60,0,4;1
1;60,0,4;60,2,4;2
1;60,2,4;61,0,4;3
0;61,0,4;0
1;61,0,4;61,2,4;1
1;61,2,4;62,0,4;2
0;61,3,4;0
1;62,0,4;62,2,4;0
0;62,0,4;3
1;62,2,4;63,0,4;1
0;63,0,4;2
1;63,0,4;63,2,4;3
0;63,2,4;1
0;63,3,4;2
1;64,0,4;64,2,4;0
0;64,0,4;2
0;64,2,4;1
0;65,0,4;0
1;65,0,4;65,2,4;3
1;65,2,4;66,0,4;2
0;65,3,4;0
0;66,0,4;0
1;66,0,4;66,2,4;1
1;66,2,4;67,0,4;2
0;67,0,4;0
0;67,0,4;3
0;67,2,4;1
0;67,3,4;2
0;68,0,4;0
0;68,0,4;3
0;68,2,4;1
0;69,0,4;2
0;69,0,4;3
0;69,2,4;1
0;69,3,4;3
0;70,0,4;1
0;70,0,4;3
0;70,2,4;1
0;71,0,4;0
0;71,0,4;2
0;71,2,4;2
0;72,0,4;0
0;72,0,4;2
0;72,2,4;1
0;73,0,4;0
0;73,0,4;3
0;73,2,4;1
0;73,3,4;2
0;74,0,4;1
0;74,0,4;3
0;74,1,4;2
0;74,2,4;3
0;74,3,4;3
0;75,0,4;0
0;75,0,4;2
0;75,1,4;1
0;75,2,4;0
0;75,3,4;0
0;76,0,4;1
1;76,0,4;76,2,4;2
1;76,0,4;77,0,4;3
0;77,0,4;0
0;77,0,4;1
0;77,2,4;2
0;77,3,4;0
0;78,0,4;0
0;78,0,4;2
0;78,2,4;2
0;79,0,4;1
0;79,0,4;3
0;79,2,4;1
0;80,0,4;1
0;80,0,4;3
0;80,2,4;2
0;81,0,4;0
0;81,0,4;3
0;81,2,4;2
0;81,3,4;1
0;82,0,4;0
0;82,0,4;2
0;82,1,4;1
0;82,2,4;0
0;82,3,4;0
0;83,0,4;1
0;83,0,4;3
0;83,1,4;2
0;83,2,4;3
0;83,3,4;3
1;84,0,4;85,0,4;0
1;84,0,4;84,2,4;1
0;84,0,4;2
0;85,0,4;2
0;85,0,4;3
0;85,2,4;0
0;85,2,4;2
0;85,3,4;0
0;86,0,4;1
0;86,0,4;3
0;86,2,4;2
0;86,2,4;3
0;87,0,4;0
0;87,0,4;2
0;87,2,4;1
0;87,2,4;2
0;88,0,4;0
0;88,0,4;1
0;88,2,4;0
0;88,2,4;2
0;89,0,4;1
0;89,0,4;3
0;89,2,4;2
0;89,2,4;3
0;89,3,4;3
0;90,0,4;0
0;90,0,4;2
0;90,2,4;1
0;90,2,4;2
0;90,3,4;2
0;91,0,4;0
0;91,0,4;1
0;91,2,4;0
0;91,2,4;2
0;91,3,4;0
0;92,0,4;1
1;92,0,4;92,2,4;2
1;92,0,4;93,0,4;3
0;93,0,4;0
0;93,0,4;1
0;93,1,4;2
0;93,2,4;1
0;93,3,4;1
0;94,0,4;2
0;94,0,4;3
0;94,1,4;1
0;94,2,4;2
0;94,3,4;2
0;95,0,4;0
0;95,0,4;1
0;95,1,4;3
0;95,2,4;0
0;95,3,4;0
0;96,0,4;2
0;96,0,4;3
0;96,1,4;0
0;96,2,4;3
0;96,3,4;3
1;97,0,4;98,0,4;0
1;97,0,4;98,0,4;1
1;98,0,4;99,0,4;2
1;98,0,4;99,0,4;3
1;99,0,4;99,3,4;0
1;99,0,4;100,2,4;1
1;99,2,4;100,2,4;2
1;99,2,4;99,3,4;3
1;100,0,4;101,0,4;0
1;100,0,4;101,0,4;3
0;101,0,4;1
0;101,0,4;2
0;101,3,4;1
0;102,0,4;1
0;102,0,4;2
0;102,2,4;2
0;102,2,4;3
0;103,0,4;1
0;103,0,4;2
0;103,2,4;0
0;103,2,4;1
0;104,0,4;0
0;104,0,4;3
0;105,0,4;1
0;105,0,4;2
0;105,3,4;3
0;106,0,4;0
0;106,0,4;3
0;106,1,4;1
0;106,2,4;1
0;106,3,4;1
0;107,0,4;0
0;107,0,4;2
0;107,1,4;3
0;107,2,4;3
0;107,3,4;3
1;108,0,4;109,0,4;0
1;108,0,4;108,2,4;1
0;108,0,4;2
0;109,0,4;1
0;109,0,4;2
0;109,3,4;2
0;110,0,4;1
0;110,0,4;2
0;110,2,4;0
0;110,2,4;1
0;111,0,4;1
0;111,0,4;2
0;111,2,4;2
0;111,2,4;3
1;112,0,4;113,0,4;0
1;112,0,4;112,2,4;3
0;113,0,4;1
0;113,0,4;2
0;113,3,4;0
0;114,0,4;0
0;114,0,4;3
0;114,1,4;2
0;114,2,4;2
0;114,3,4;2
0;115,0,4;1
0;115,0,4;3
0;115,1,4;0
0;115,2,4;0
0;115,3,4;0
0;116,0,4;1
1;116,0,4;116,2,4;2
1;116,0,4;117,0,4;3
0;117,0,4;1
0;117,0,4;2
0;117,2,4;0
0;117,3,4;1
0;118,0,4;1
0;118,0,4;2
0;118,2,4;2
0;118,2,4;3
0;119,0,4;1
0;119,0,4;2
0;119,2,4;0
0;119,2,4;1
0;119,3,4;3
0;120,0,4;1
0;120,0,4;2
0;120,2,4;0
0;120,2,4;3
0;121,0,4;1
0;121,0,4;2
0;121,2,4;0
0;121,3,4;3
0;122,0,4;1
0;122,0,4;3
0;122,1,4;2
0;122,2,4;2
0;122,3,4;2
0;123,0,4;1
0;123,0,4;3
0;123,1,4;0
0;123,2,4;0
0;123,3,4;0
0;124,0,4;1
1;124,0,4;124,2,4;2
1;124,0,4;125,0,4;3
0;124,2,4;0
0;124,3,4;0
0;125,0,4;1
0;125,0,4;2
0;125,2,4;3
0;125,3,4;1
0;126,0,4;1
0;126,0,4;2
0;126,2,4;2
0;126,2,4;3
0;127,0,4;1
0;127,0,4;2
0;127,2,4;0
0;127,2,4;1
0;127,3,4;3
0;128,0,4;1
0;128,0,4;2
0;128,1,4;3
0;128,2,4;3
0;128,3,4;3
0;129,0,4;0
0;129,0,4;1
0;129,2,4;3
0;129,3,4;2
0;130,0,4;0
0;130,0,4;1
0;130,2,4;2
0;131,0,4;0
0;131,0,4;1
0;131,2,4;2
0;131,3,4;2
1;132,0,4;133,0,4;0
1;132,0,4;132,2,4;1
0;132,0,4;3
0;132,2,4;2
0;133,0,4;1
0;133,0,4;3
0;133,3,4;3
0;134,0,4;1
0;134,0,4;3
0;134,2,4;0
0;134,2,4;1
0;135,0,4;1
0;135,0,4;3
0;135,2,4;2
0;135,2,4;3
0;135,3,4;0
0;136,0,4;1
0;136,0,4;3
0;136,2,4;2
0;137,0,4;0
0;137,0,4;1
0;137,3,4;3
0;138,0,4;1
0;138,0,4;3
0;138,1,4;0
0;138,2,4;0
0;138,3,4;0
0;139,0,4;1
0;139,0,4;2
0;139,1,4;3
0;139,2,4;3
0;139,3,4;3
0;140,0,4;0
0;140,0,4;2
0;140,1,4;1
0;140,2,4;1
0;140,3,4;1
0;141,0,4;0
0;141,0,4;2
0;141,3,4;2
0;142,0,4;0
0;142,0,4;2
0;142,2,4;2
0;142,2,4;3
0;143,0,4;0
0;143,0,4;2
0;143,2,4;0
0;143,2,4;1
0;143,3,4;3
0;144,0,4;0
0;144,0,4;2
0;144,2,4;1
0;145,0,4;2
0;145,0,4;3
0;145,3,4;0
0;146,0,4;0
0;146,0,4;2
0;146,1,4;3
0;146,2,4;3
0;146,3,4;3
1;147,0,4;148,0,4;0
1;147,1,8;147,6,8;1
1;147,3,4;148,3,4;3
1;148,0,4;148,3,4;1
1;148,0,4;148,3,4;2
0;149,0,4;0
0;149,0,4;2
0;149,3,4;2
0;150,0,4;0
0;150,0,4;2
0;150,2,4;2
0;150,2,4;3
0;151,0,4;0
0;151,0,4;2
0;151,2,4;0
0;151,2,4;1
0;151,3,4;3
0;152,0,4;0
0;152,0,4;2
0;152,2,4;1
0;153,0,4;2
0;153,0,4;3
0;153,3,4;0
0;154,0,4;0
0;154,0,4;2
0;154,1,4;3
0;154,2,4;3
0;154,3,4;3
0;155,0,4;1
0;155,0,4;2
0;155,1,4;0
0;155,2,4;0
0;155,3,4;0
0;156,0,4;1
0;156,0,4;3
0;156,1,4;2
0;156,2,4;2
0;156,3,4;2
0;157,0,4;1
0;157,0,4;3
0;157,3,4;1
0;158,0,4;1
0;158,0,4;3
0;158,2,4;0
0;158,2,4;1
0;159,0,4;1
0;159,0,4;3
0;159,2,4;2
0;159,2,4;3
0;159,3,4;0
0;160,0,4;1
0;160,0,4;3
0;160,2,4;2
0;161,0,4;0
0;161,0,4;1
0;161,0,4;2
0;161,0,4;3
0;161,3,4;0
0;162,0,4;0
0;162,0,4;1
0;162,1,4;2
0;162,2,4;2
0;162,3,4;2
0;163,0,4;0
0;163,0,4;1
0;163,1,4;2
0;163,2,4;2
0;163,3,4;2
1;164,0,4;165,0,4;0
1;164,0,4;164,2,4;1
0;164,0,4;3
0;165,0,4;1
0;165,0,4;2
0;165,0,4;3
1;165,2,4;166,2,4;3
1;166,2,4;167,2,4;0
1;167,2,4;168,2,4;3
1;168,2,4;169,0,4;1
1;169,2,4;170,0,4;2
1;170,2,4;170,3,4;1
1;171,2,4;171,3,4;2
1;172,2,4;172,3,4;1
1;173,2,4;173,3,4;0
0;181,0,4;0
0;181,0,4;3
0;181,2,4;3
0;181,3,4;2
0;182,0,4;0
0;182,0,4;2
0;182,2,4;1
0;183,0,4;1
0;183,0,4;3
0;183,1,4;2
0;183,2,4;2
0;183,3,4;1
0;184,0,4;1
0;184,0,4;3
0;184,2,4;0
0;185,0,4;2
0;185,0,4;3
0;185,2,4;1
0;185,3,4;2
0;186,0,4;2
0;186,0,4;3
0;186,2,4;1
0;187,0,4;2
0;187,0,4;3
0;187,1,4;3
0;187,3,4;0
0;188,0,4;0
0;188,0,4;1
0;188,2,4;2
0;189,0,4;0
0;189,0,4;3
0;189,2,4;2
0;189,3,4;1
0;190,0,4;1
0;190,0,4;3
0;190,2,4;0
0;191,0,4;0
0;191,0,4;2
0;191,1,4;1
0;191,2,4;1
0;191,3,4;2
0;192,0,4;0
0;192,0,4;2
0;192,2,4;3
0;193,0,4;1
0;193,0,4;2
0;193,2,4;0
0;193,3,4;1
0;194,0,4;1
0;194,0,4;2
0;194,2,4;3
0;195,0,4;1
0;195,0,4;2
0;195,1,4;2
0;195,3,4;1
0;196,0,4;1
0;196,0,4;2
0;196,2,4;0
0;197,0,288;0
0;197,0,288;3
0;197,144,288;3
0;197,216,288;2
0;198,0,288;0
0;198,0,288;2
0;198,144,288;1
0;199,0,288;1
0;199,0,288;3
0;199,72,288;2
0;199,144,288;2
0;199,216,288;1
0;200,0,288;1
0;200,0,288;3
0;200,144,288;0
0;201,0,288;2
0;201,0,288;3
0;201,144,288;1
0;201,216,288;2
0;202,0,288;2
0;202,0,288;3
0;202,144,288;1
0;203,0,288;2
0;203,0,288;3
0;203,72,288;3
0;203,216,288;0
0;204,0,288;0
0;204,0,288;1
0;204,144,288;2
0;205,0,288;0
0;205,0,288;3
0;205,144,288;2
0;205,216,288;1
0;206,0,288;1
0;206,0,288;3
0;206,144,288;0
0;207,0,288;0
0;207,0,288;2
0;207,72,288;1
0;207,2,4;3
0;207,3,4;1
0;208,0,288;0
0;208,0,288;2
0;208,144,288;3
0;209,0,288;1
0;209,0,288;2
0;209,144,288;0
0;209,3,4;3
0;210,0,288;1
0;210,0,288;2
0;210,144,288;3
0;211,0,288;1
0;211,0,288;2
0;211,1,4;0
0;211,3,4;0
0;212,0,288;1
0;212,0,288;2
0;212,2,4;0
1;213,0,4;213,1,4;1
1;213,0,4;213,2,4;2
1;213,0,4;213,2,4;3
1;213,2,4;213,3,4;0
1;214,0,4;214,1,4;1
0;214,0,4;3
1;214,2,4;214,3,4;2
0;215,0,4;1
1;215,0,4;215,1,4;3
1;215,2,4;215,3,4;2
1;216,0,4;216,1,4;1
0;216,0,4;3
1;216,2,4;216,3,4;0
1;217,0,4;217,2,4;0
1;217,0,4;217,2,4;1
1;217,0,4;217,1,4;2
1;217,2,4;217,3,4;3
0;218,0,4;0
1;218,0,4;218,1,4;2
1;218,2,4;218,3,4;1
1;219,0,4;219,1,4;0
0;219,0,4;2
1;219,2,4;219,3,4;1
1;220,0,4;221,0,4;0
1;220,0,4;220,2,4;1
1;220,0,4;220,1,4;2
1;220,2,4;220,3,4;3
1;221,0,4;221,1,4;1
1;221,0,4;221,2,4;2
1;221,0,4;221,2,4;3
1;221,2,4;221,3,4;0
1;222,0,4;222,1,4;1
0;222,0,4;3
1;222,2,4;222,3,4;2
0;223,0,4;1
1;223,0,4;223,1,4;3
1;223,2,4;223,3,4;2
1;224,0,4;224,1,4;1
0;224,0,4;3
1;224,2,4;224,3,4;0
1;225,0,4;225,2,4;0
1;225,0,4;225,2,4;1
1;225,0,4;225,1,4;2
1;225,2,4;225,3,4;3
0;226,0,4;0
1;226,0,4;226,1,4;2
1;226,2,4;226,3,4;1
1;227,0,4;227,1,4;0
0;227,0,4;2
1;227,2,4;227,3,4;1
1;228,0,4;228,2,4;0
1;228,0,4;229,0,4;1
1;228,0,4;228,1,4;2
1;228,2,4;228,3,4;3
0;229,0,4;2
0;229,0,4;3
0;229,2,4;1
0;229,2,4;2
0;230,0,4;0
0;230,0,4;1
0;230,2,4;0
0;230,2,4;3
0;231,0,4;2
0;231,0,4;3
0;231,2,4;1
0;231,2,4;2
0;232,0,4;0
0;232,0,4;1
0;232,2,4;0
0;232,2,4;3
0;233,0,4;0
0;233,0,4;1
0;233,2,4;1
0;233,2,4;2
0;234,0,4;2
0;234,0,4;3
0;234,2,4;0
0;234,2,4;3
0;235,0,4;0
0;235,0,4;1
0;235,2,4;1
0;235,2,4;2
0;236,0,4;0
1;236,0,4;236,2,4;2
1;236,0,4;237,0,4;3
0;237,0,4;0
0;237,1,4;0
0;237,2,4;0
0;237,3,4;0
0;238,0,4;2
0;238,1,4;2
0;238,2,4;2
0;238,3,4;2
0;239,0,4;1
0;239,1,4;1
0;239,2,4;1
0;239,3,4;1
0;240,0,4;3
0;240,1,4;3
0;240,2,4;3
0;240,3,4;3
0;241,0,4;1
0;241,2,4;0
0;242,0,4;1
0;242,2,4;2
0;243,0,4;3
0;243,2,4;2
0;244,0,4;1
1;244,0,4;244,2,4;2
1;244,0,4;245,0,4;3
0;244,2,4;0
0;245,0,4;0
0;245,0,4;1
0;245,0,4;2
0;245,3,4;1
0;246,0,4;0
0;246,0,4;1
0;246,0,4;2
0;246,2,4;3
0;247,0,4;0
0;247,0,4;1
0;247,0,4;2
0;247,2,4;3
0;247,3,4;2
0;248,0,4;0
0;248,0,4;1
0;248,0,4;2
0;248,2,4;0
0;249,0,4;1
0;249,0,4;2
0;249,0,4;3
0;249,3,4;0
0;250,0,4;0
0;250,0,4;2
0;250,1,4;3
0;250,2,4;3
0;250,3,4;3
0;251,0,4;0
0;251,0,4;2
0;251,1,4;1
0;251,2,4;1
0;251,3,4;1
1;252,0,4;252,2,4;0
0;252,0,4;2
1;252,0,4;252,2,4;3
0;252,2,4;1
0;253,0,4;1
0;253,0,4;2
0;253,0,4;3
0;253,3,4;2
0;254,0,4;1
0;254,0,4;2
0;254,0,4;3
0;254,2,4;0
0;255,0,4;1
0;255,0,4;2
0;255,0,4;3
0;255,2,4;0
0;255,3,4;1
0;256,0,4;1
0;256,0,4;2
0;256,0,4;3
0;256,2,4;3
0;257,0,4;0
0;257,0,4;1
0;257,0,4;2
0;257,3,4;3
0;258,0,4;1
0;258,0,4;3
0;258,1,4;0
0;258,2,4;0
0;258,3,4;0
0;259,0,4;1
0;259,0,4;3
0;259,1,4;2
0;259,2,4;2
0;259,3,4;2
1;260,0,4;261,0,4;0
1;260,0,4;260,2,4;1
0;260,0,4;3
0;260,2,4;2
0;261,0,4;1
0;261,0,4;2
0;261,0,4;3
0;261,3,4;3
0;262,0,4;1
0;262,0,4;2
0;262,0,4;3
0;262,2,4;0
0;263,0,4;1
0;263,0,4;2
0;263,0,4;3
0;263,2,4;0
0;263,3,4;1
0;264,0,4;1
0;264,0,4;2
0;264,0,4;3
0;264,2,4;3
0;265,0,4;0
0;265,0,4;1
0;265,0,4;2
0;265,3,4;2
0;266,0,4;0
0;266,0,4;2
0;266,1,4;1
0;266,2,4;1
0;266,3,4;1
0;267,0,4;0
0;267,0,4;3
0;267,1,4;2
0;267,2,4;2
0;267,3,4;2
0;268,0,4;0
0;268,0,4;1
0;268,1,4;3
0;268,2,4;3
0;268,3,4;3
0;269,0,4;0
0;269,0,4;1
0;269,0,4;2
0;269,3,4;0
0;270,0,4;0
0;270,0,4;1
0;270,0,4;2
0;270,2,4;3
0;271,0,4;0
0;271,0,4;1
0;271,0,4;2
0;271,2,4;3
0;271,3,4;2
0;272,0,4;0
0;272,0,4;1
0;272,0,4;2
0;272,1,4;0
0;272,2,4;1
0;272,3,4;1
0;273,0,4;0
0;273,0,4;3
0;273,2,4;2
0;273,3,4;1
0;274,0,4;1
0;274,0,4;3
0;274,2,4;2
0;275,0,4;0
0;275,0,4;3
0;275,2,4;1
0;275,3,4;2
1;276,0,4;277,0,4;0
1;276,0,4;276,2,4;1
0;276,0,4;3
0;276,2,4;2
0;277,0,4;1
0;277,0,4;2
0;277,0,4;3
1;277,2,4;277,3,4;2
0;277,3,4;1
0;278,0,4;0
0;278,0,4;2
0;278,0,4;3
1;278,2,4;278,3,4;2
0;279,0,4;0
0;279,0,4;1
0;279,0,4;3
1;279,2,4;279,3,4;2
0;279,3,4;0
0;279,3,4;1
0;279,3,4;3
0;280,2,4;0
1;280,2,4;280,3,4;2
0;280,2,4;3
0;281,0,4;0
0;281,0,4;1
0;281,2,4;2
0;281,3,4;1
0;282,0,4;1
0;282,0,4;3
0;282,1,4;0
0;282,2,4;0
0;282,3,4;0
0;283,0,4;2
0;283,0,4;3
0;283,1,4;1
0;283,2,4;1
0;283,3,4;1
0;283,3,4;2
1;284,0,4;284,2,4;0
1;284,0,4;284,2,4;3
0;284,2,4;1
0;284,2,4;2
0;285,0,4;0
0;285,0,4;1
0;285,0,4;3
1;285,2,4;285,3,4;1
0;285,3,4;2
0;286,0,4;0
0;286,0,4;1
0;286,0,4;3
1;286,2,4;286,3,4;1
0;287,0,4;0
0;287,0,4;2
0;287,0,4;3
1;287,2,4;287,3,4;1
0;287,3,4;0
0;287,3,4;2
0;287,3,4;3
0;288,2,4;0
1;288,2,4;288,3,4;1
0;288,2,4;3
0;289,0,4;2
0;289,0,4;3
0;289,2,4;1
0;289,3,4;2
0;290,0,4;0
0;290,0,4;2
0;290,1,4;3
0;290,2,4;3
0;290,3,4;3
1;291,0,4;292,0,4;0
1;291,1,8;291,6,8;1
1;291,3,4;292,3,4;3
1;292,0,4;292,3,4;1
1;292,0,4;292,3,4;2
0;293,0,4;0
0;293,0,4;1
0;293,0,4;2
1;293,2,4;293,3,4;3
0;293,3,4;2
0;294,0,4;0
0;294,0,4;1
0;294,0,4;3
1;294,2,4;294,3,4;3
0;295,0,4;0
0;295,0,4;1
0;295,0,4;2
1;295,2,4;295,3,4;3
0;295,3,4;0
0;295,3,4;1
0;295,3,4;2
0;296,2,4;0
0;296,2,4;2
1;296,2,4;296,3,4;3
0;297,0,4;0
0;297,0,4;1
0;297,2,4;0
0;297,3,4;1
0;298,0,4;1
0;298,0,4;3
0;298,1,4;2
0;298,2,4;2
0;298,3,4;2
0;299,0,4;0
0;299,0,4;3
0;299,1,4;1
0;299,2,4;1
0;299,3,4;1
0;299,3,4;2
0;300,2,4;1
0;300,2,4;2
0;300,3,4;1
0;301,0,4;0
0;301,0,4;2
0;301,0,4;3
1;301,2,4;301,3,4;0
0;301,3,4;1
0;302,0,4;0
0;302,0,4;2
0;302,0,4;3
1;302,2,4;302,3,4;0
0;303,0,4;1
0;303,0,4;2
0;303,0,4;3
1;303,2,4;303,3,4;0
0;303,3,4;1
0;303,3,4;2
0;303,3,4;3
0;304,1,4;3
0;304,2,4;0
0;304,2,4;1
0;304,2,4;2
0;304,3,4;0
1;305,0,4;306,0,4;2
1;305,0,4;306,0,4;3
1;305,2,4;305,3,4;1
1;306,0,4;307,0,4;0
1;306,0,4;307,0,4;1
1;306,2,4;306,3,4;2
1;307,0,4;308,1,4;2
1;307,0,4;307,3,4;3
1;307,2,4;307,3,4;0
1;307,2,4;308,1,4;1
1;308,0,4;308,3,4;0
1;308,0,4;308,3,4;3
1;308,2,4;308,3,4;1
1;308,2,4;308,3,4;2
0;309,0,4;0
0;309,0,4;1
0;309,0,4;2
0;309,0,4;3
