bpm,119.99876907366512
offset,313
0;3,2,4;2
0;3,3,4;2
0;4,0,4;3
0;4,0,4;1
0;4,1,4;1
0;4,3,4;0
0;4,3,4;3
0;5,0,4;0
0;5,2,4;0
0;5,3,4;3
0;6,0,4;1
0;6,0,4;0
0;6,0,4;2
0;6,1,4;1
0;6,1,4;3
0;6,2,4;2
0;6,3,4;0
0;6,3,4;1
0;6,3,4;3
0;7,0,4;1
0;7,2,4;0
0;7,2,4;1
0;7,3,4;3
0;8,0,4;0
0;8,0,4;2
0;8,1,4;2
0;8,3,4;2
0;8,3,4;3
0;9,0,4;2
0;9,2,4;3
0;9,3,4;0
0;10,0,4;1
0;10,0,4;2
0;10,0,4;3
0;10,1,4;2
0;10,1,4;0
0;10,2,4;1
0;10,3,4;0
0;10,3,4;2
0;10,3,4;3
0;11,0,4;2
0;11,2,4;0
0;11,2,4;3
0;11,3,4;0
0;11,3,4;2
0;12,0,4;1
0;12,0,4;3
0;12,1,4;1
0;12,3,4;0
0;12,3,4;3
0;13,0,4;0
0;13,1,4;1
0;13,2,4;3
0;13,3,4;1
0;14,0,4;0
0;14,0,4;2
0;14,1,4;2
0;14,3,4;0
0;14,3,4;3
0;15,0,4;1
0;15,0,4;3
0;15,1,4;1
0;15,1,4;2
0;15,2,4;2
0;16,0,4;0
0;16,0,4;3
0;16,1,4;1
0;16,1,4;2
0;16,2,4;1
0;16,3,4;3
0;17,0,4;0
0;17,0,4;2
0;17,1,4;1
0;17,1,4;3
0;17,2,4;2
0;17,3,4;1
0;18,0,4;0
0;18,0,4;3
0;18,2,4;0
0;18,2,4;3
0;19,0,4;0
0;19,0,4;1
0;19,0,4;2
0;19,0,4;3
0;20,0,4;3
0;20,0,4;1
0;20,0,4;0
0;20,1,4;1
0;20,1,4;2
0;20,2,4;0
0;20,3,4;2
0;20,3,4;3
0;21,0,4;1
0;21,0,4;3
0;21,1,4;0
0;21,1,4;2
0;21,3,6;1
0;21,3,6;2
0;21,3,4;1
0;22,0,6;0
0;22,0,6;2
0;22,0,6;3
0;22,1,4;2
0;22,2,4;0
0;22,2,4;1
0;22,3,4;0
0;22,3,4;1
0;22,3,4;3
0;23,0,4;2
0;23,1,4;1
0;23,2,4;2
0;23,2,4;0
0;23,2,4;3
0;23,3,4;1
0;23,3,4;3
0;24,0,4;1
0;24,0,4;2
0;24,1,4;3
0;24,2,4;0
0;24,2,4;2
0;24,3,4;2
0;25,0,4;0
0;25,0,4;1
0;25,0,4;3
0;25,1,4;2
0;25,1,4;0
0;25,2,4;2
0;25,3,4;1
0;26,0,4;0
0;26,0,4;2
0;26,0,4;3
0;26,1,4;1
0;26,1,4;2
0;26,2,4;1
0;26,2,4;3
0;26,3,4;2
0;27,0,4;0
0;27,0,4;3
0;27,0,4;1
0;27,1,4;1
0;27,2,4;0
0;27,2,4;2
0;27,2,4;3
0;27,3,4;0
0;27,3,4;2
0;28,0,4;1
0;28,0,4;2
0;28,1,4;1
0;28,2,4;2
0;28,2,4;3
0;28,2,4;0
0;28,3,4;1
0;28,3,4;2
0;29,0,4;1
0;29,1,4;3
0;29,2,4;0
0;29,2,4;1
0;29,2,4;2
0;29,3,4;1
0;29,3,4;2
0;30,0,4;3
0;30,0,4;0
0;30,1,4;0
0;30,2,4;2
0;30,2,4;3
0;30,2,4;1
0;30,3,4;0
0;30,3,4;2
0;31,0,4;1
0;31,1,4;2
0;31,2,4;0
0;31,2,4;1
0;31,2,4;3
0;31,3,4;1
0;32,0,4;2
0;32,0,4;3
0;32,0,4;0
0;32,1,4;1
0;32,1,4;2
0;32,2,4;3
0;32,3,4;0
0;32,3,4;2
0;33,0,4;1
0;33,0,4;2
0;33,0,4;3
0;33,1,4;1
0;33,2,4;2
0;33,2,4;3
0;33,3,4;2
0;34,0,4;0
0;34,0,4;1
0;34,0,4;3
0;34,1,4;0
0;34,1,4;2
0;34,2,4;1
0;34,2,4;2
0;34,3,4;1
0;34,3,4;3
0;35,0,4;2
0;35,0,4;3
0;35,0,4;0
0;35,1,4;2
0;35,2,4;0
0;35,2,4;3
0;35,3,4;1
0;36,0,288;0
0;36,0,288;2
0;36,0,288;3
0;36,72,288;1
0;36,72,288;2
0;36,144,288;0
0;36,216,288;3
0;36,216,288;2
0;37,0,288;1
0;37,0,288;3
0;37,72,288;0
0;37,72,288;2
0;37,144,288;1
0;37,144,288;2
0;37,216,288;1
0;38,0,288;0
0;38,0,288;2
0;38,0,288;3
0;38,72,288;2
0;38,144,288;0
0;38,144,288;1
0;38,216,288;0
0;38,216,288;1
0;38,216,288;3
0;39,0,288;2
0;39,72,288;1
0;39,144,288;0
0;39,144,288;2
0;39,144,288;3
0;39,216,288;1
0;39,216,288;3
0;40,0,288;1
0;40,0,288;2
0;40,72,288;3
0;40,144,288;2
0;40,144,288;0
0;40,216,288;2
0;41,0,288;0
0;41,0,288;1
0;41,0,288;3
0;41,72,288;0
0;41,72,288;2
0;41,144,288;2
0;41,216,288;1
0;42,0,288;0
0;42,0,288;2
0;42,0,288;3
0;42,72,288;1
0;42,72,288;2
0;42,144,288;1
0;42,144,288;3
0;42,216,288;2
0;43,0,288;0
0;43,0,288;1
0;43,0,288;3
0;43,72,288;1
0;43,144,288;0
0;43,144,288;2
0;43,144,288;3
0;43,216,288;2
0;43,216,288;0
0;44,0,288;1
0;44,0,288;2
0;44,72,288;1
0;44,144,288;0
0;44,144,288;2
0;44,144,288;3
0;44,216,288;1
0;44,216,288;2
0;45,0,288;1
0;45,72,288;3
0;45,144,288;0
0;45,144,288;1
0;45,144,288;2
0;45,216,288;1
0;45,216,288;2
0;46,0,288;0
0;46,0,288;3
0;46,72,288;0
0;46,144,288;1
0;46,144,288;2
0;46,144,288;3
0;46,216,288;0
0;46,216,288;2
0;47,0,288;1
0;47,72,288;2
0;47,144,288;0
0;47,144,288;3
0;47,144,288;1
0;47,216,288;1
0;48,0,288;0
0;48,0,288;2
0;48,0,288;3
0;48,72,288;1
0;48,72,288;2
0;48,144,288;3
0;48,216,288;0
0;48,216,288;2
0;49,0,288;3
0;49,0,288;2
0;49,0,288;1
0;49,72,288;1
0;49,144,288;2
0;49,144,288;3
0;49,216,288;2
0;50,0,288;0
0;50,0,288;1
0;50,0,288;3
0;50,1,4;1
0;50,2,4;0
0;50,2,4;2
0;50,3,4;2
0;51,0,4;3
0;51,0,4;0
0;51,2,4;2
0;51,3,4;2
0;52,0,4;1
0;52,0,4;3
0;52,0,4;0
0;52,1,4;1
0;52,2,4;0
0;52,2,4;3
0;52,3,4;1
0;52,3,4;3
0;53,0,4;1
0;53,0,4;2
0;53,1,4;2
0;53,2,4;0
0;53,2,4;1
0;53,3,4;1
0;54,0,4;0
0;54,0,4;3
0;54,1,4;2
0;54,2,4;0
0;54,2,4;2
0;54,3,4;1
0;54,3,4;3
0;55,0,4;2
0;55,0,4;0
0;55,0,4;1
0;55,1,4;2
0;55,2,4;1
0;55,2,4;3
0;55,3,4;1
0;55,3,4;3
0;56,0,4;2
0;56,1,4;1
0;56,2,4;0
0;56,2,4;2
0;56,2,4;3
0;56,3,4;2
0;57,0,4;0
0;57,0,4;3
0;57,1,4;0
0;57,2,4;1
0;57,2,4;2
0;57,3,4;1
0;57,3,4;3
0;58,0,4;0
0;58,0,4;2
0;58,1,4;2
0;58,2,4;1
0;58,2,4;3
0;58,3,4;0
0;58,3,4;1
0;59,0,4;0
0;59,0,4;3
0;59,0,4;2
0;59,1,4;2
0;59,2,4;1
0;59,3,4;0
0;59,3,4;2
0;60,0,4;0
0;60,0,4;1
0;60,0,4;3
0;60,1,4;1
0;60,2,4;2
0;60,2,4;3
0;60,3,4;0
0;60,3,4;3
0;60,3,4;1
0;61,0,4;2
0;61,1,4;1
0;61,2,4;3
0;61,3,4;0
0;61,3,4;2
0;62,0,4;1
0;62,0,4;2
0;62,0,4;3
0;62,1,4;1
0;62,2,4;3
0;62,2,4;0
0;62,3,4;0
0;62,3,4;1
0;62,3,4;3
0;63,0,4;1
0;63,0,4;2
0;63,1,4;0
0;63,1,4;3
0;63,2,4;1
0;63,2,4;3
0;63,3,4;2
0;63,3,4;1
0;64,0,4;0
0;64,0,4;3
0;64,1,4;1
0;64,1,4;3
0;64,2,4;2
0;64,3,4;1
0;65,0,4;0
0;65,0,4;2
0;65,0,4;3
0;65,1,4;0
0;65,1,4;2
0;65,2,4;1
0;65,2,4;3
0;65,3,4;2
0;65,3,4;3
0;66,0,4;0
0;66,0,4;1
0;66,1,4;0
0;66,1,4;3
0;66,2,4;1
0;66,2,4;2
0;66,3,4;1
0;66,3,4;2
0;67,0,4;0
0;67,0,4;3
0;67,1,4;2
0;67,2,4;0
0;67,2,4;1
0;67,3,4;1
0;68,0,4;3
0;68,0,4;2
0;68,0,4;0
0;68,1,4;2
0;68,2,4;0
0;68,2,4;1
0;68,3,4;1
0;68,3,4;3
0;69,0,4;0
0;69,0,4;2
0;69,0,4;3
0;69,1,4;2
0;69,2,4;1
0;69,3,4;1
0;70,0,4;0
0;70,0,4;3
0;70,0,4;2
0;70,1,4;1
0;70,1,4;3
0;70,2,4;1
0;70,3,4;2
0;71,0,4;0
0;71,0,4;3
0;71,1,4;1
0;71,2,4;0
0;71,2,4;3
0;71,3,4;2
0;71,3,4;1
0;72,0,4;0
0;72,0,4;2
0;72,0,4;3
0;72,1,4;1
0;72,2,4;1
0;72,2,4;3
0;72,3,4;2
0;73,0,4;0
0;73,0,4;1
0;73,0,4;3
0;73,1,4;0
0;73,1,4;2
0;73,2,4;1
0;73,3,4;2
0;74,0,4;0
0;74,0,4;1
0;74,0,4;3
0;74,1,4;1
0;74,2,4;2
0;74,2,4;3
0;74,3,4;1
0;74,3,4;3
0;75,0,4;2
0;75,0,4;1
0;75,0,4;0
0;75,1,4;2
0;75,2,4;1
0;75,2,4;3
0;75,3,4;0
0;76,0,4;1
0;76,0,4;2
0;76,0,4;3
0;76,1,4;0
0;76,1,4;2
0;76,2,4;1
0;76,3,4;3
0;76,3,4;2
0;77,0,4;0
0;77,0,4;1
0;77,0,4;3
0;77,1,4;1
0;77,2,4;2
0;77,2,4;3
0;77,3,4;0
0;77,3,4;3
0;78,0,4;0
0;78,0,4;1
0;78,0,4;2
0;78,1,4;2
0;78,2,4;0
0;78,2,4;1
0;78,3,4;0
0;78,3,4;3
0;79,0,4;1
0;79,0,4;2
0;79,0,4;3
0;79,1,4;1
0;79,2,4;0
0;79,3,4;3
0;80,0,4;2
0;80,0,4;1
0;80,0,4;0
0;80,1,4;2
0;80,2,4;3
0;80,2,4;1
0;80,3,4;3
0;80,3,4;1
0;81,0,4;0
0;81,0,4;2
0;81,1,4;2
0;81,2,4;0
0;81,2,4;1
0;81,3,4;2
0;82,0,4;0
0;82,0,4;1
0;82,1,4;1
0;82,1,4;0
0;82,2,4;2
0;82,2,4;3
0;82,3,4;1
0;82,3,4;3
0;83,0,4;0
0;83,0,4;1
0;83,0,4;2
0;83,1,4;3
0;83,3,4;1
0;84,0,4;3
0;84,0,4;0
0;84,2,4;0
0;84,2,4;2
0;84,3,4;1
0;84,3,4;2
0;85,0,4;1
0;85,0,4;3
0;85,2,4;1
0;85,2,4;2
0;85,3,4;0
0;85,3,4;2
0;86,0,4;3
0;86,0,4;1
0;86,1,4;2
0;86,2,4;0
0;86,3,4;2
0;87,0,4;1
0;87,0,4;3
0;87,2,4;0
0;87,2,4;3
0;87,3,4;1
0;87,3,4;3
0;88,0,4;1
0;88,0,4;2
0;88,2,4;2
0;88,2,4;0
0;88,3,4;2
0;88,3,4;3
0;89,0,4;1
0;89,0,4;3
0;89,1,4;2
0;89,2,4;0
0;89,2,4;3
0;89,3,4;1
0;90,0,4;0
0;90,0,4;3
0;90,1,4;1
0;90,1,4;3
0;90,2,4;2
0;90,2,4;1
0;91,0,4;0
0;91,0,4;2
0;91,1,4;1
0;91,1,4;3
0;91,2,4;1
0;91,2,4;2
0;92,0,4;0
0;92,0,4;3
0;92,1,4;0
0;92,1,4;2
0;92,2,4;1
0;92,2,4;2
0;92,3,4;1
0;93,0,4;0
0;93,0,4;2
0;93,0,4;3
0;93,1,4;1
0;93,1,4;2
0;93,2,4;1
0;94,0,4;0
0;94,0,4;2
0;94,1,4;1
0;94,1,4;2
0;94,2,4;1
0;94,2,4;3
0;94,3,4;3
0;95,0,4;0
0;95,0,4;2
0;95,1,4;1
0;95,1,4;2
0;95,1,4;3
0;95,2,4;0
0;95,2,4;3
0;96,0,4;1
0;96,0,4;3
0;96,2,4;2
0;96,2,4;0
0;96,3,4;1
0;96,3,4;2
0;97,1,4;1
0;97,1,4;3
0;97,2,4;1
0;97,2,4;2
0;98,0,4;0
0;98,0,4;3
0;98,1,4;1
0;98,2,4;0
0;98,2,4;2
0;98,2,4;3
0;98,3,4;2
0;99,0,4;0
0;99,0,4;1
0;99,0,4;3
0;99,1,4;1
0;99,2,4;3
0;99,3,4;0
0;100,0,4;1
0;100,0,288;3
0;100,144,288;0
0;100,144,288;2
0;100,216,288;1
0;100,216,288;2
0;101,0,288;1
0;101,0,288;3
0;101,144,288;1
0;101,144,288;3
0;101,216,288;1
0;101,216,288;2
0;102,0,288;0
0;102,0,288;2
0;102,72,288;1
0;102,144,288;3
0;102,216,288;0
0;103,0,288;1
0;103,0,288;2
0;103,144,288;0
0;103,144,288;3
0;103,216,288;1
0;103,216,288;3
0;104,0,288;1
0;104,0,288;2
0;104,144,288;0
0;104,144,288;3
0;104,216,288;0
0;104,216,288;2
0;105,0,288;1
0;105,0,288;2
0;105,72,288;1
0;105,144,288;3
0;105,144,288;0
0;105,216,288;1
0;106,0,288;3
0;106,0,288;0
0;106,72,288;1
0;106,72,288;3
0;106,144,288;1
0;106,144,288;2
0;107,0,288;0
0;107,0,288;2
0;107,72,288;1
0;107,72,288;3
0;107,144,288;1
0;107,144,288;2
0;108,0,288;0
0;108,0,288;3
0;108,72,288;0
0;108,72,288;2
0;108,144,288;1
0;108,144,288;2
0;108,216,288;1
0;109,0,288;0
0;109,0,288;2
0;109,0,288;3
0;109,72,288;1
0;109,1,4;3
0;109,144,288;1
0;110,0,288;2
0;110,0,288;0
0;110,72,288;1
0;110,72,288;2
0;110,144,288;1
0;110,144,288;3
0;110,216,288;3
0;111,0,288;0
0;111,0,288;2
0;111,72,288;1
0;111,72,288;2
0;111,72,288;3
0;111,144,288;0
0;111,144,288;3
0;112,0,288;1
0;112,0,288;3
0;112,1,4;1
0;112,1,4;2
0;112,2,4;2
0;112,3,4;0
0;112,3,4;1
0;113,0,4;2
0;113,0,4;3
0;113,1,4;2
0;113,2,4;0
0;113,2,4;1
0;113,3,4;1
0;114,0,288;3
0;114,0,288;0
0;114,72,288;1
0;114,144,288;0
0;114,144,288;2
0;114,144,288;3
0;114,216,288;2
0;115,0,288;0
0;115,0,288;1
0;115,0,288;3
0;115,72,288;1
0;115,144,288;3
0;115,216,288;0
0;116,0,4;0
0;116,0,4;3
0;116,0,4;1
0;116,1,4;1
0;116,1,4;2
0;116,2,4;0
0;116,2,4;2
0;116,3,4;1
0;117,0,4;0
0;117,0,4;2
0;117,0,4;3
0;117,1,4;3
0;117,1,4;1
0;117,2,4;1
0;117,2,4;2
0;117,3,4;2
0;118,0,4;0
0;118,0,4;1
0;118,0,4;3
0;118,1,4;2
0;118,1,4;3
0;118,2,4;0
0;118,2,4;2
0;118,3,4;1
0;119,0,4;0
0;119,0,4;3
0;119,0,4;2
0;119,1,4;1
0;119,1,4;2
0;119,2,4;0
0;119,2,4;3
0;119,3,4;1
0;119,3,4;3
0;120,0,4;0
0;120,0,4;1
0;120,0,4;2
0;120,1,4;3
0;120,1,4;0
0;120,2,4;1
0;120,2,4;2
0;120,3,4;2
0;121,0,4;0
0;121,0,4;1
0;121,0,4;3
0;121,1,4;0
0;121,1,4;2
0;121,2,4;1
0;121,2,4;3
0;121,3,4;1
0;121,3,4;2
0;122,0,4;2
0;122,0,4;3
0;122,0,4;0
0;122,1,4;1
0;122,1,4;3
0;122,2,4;0
0;122,2,4;2
0;122,3,4;0
0;122,3,4;1
0;123,0,4;0
0;123,0,4;1
0;123,0,4;2
0;123,0,4;3
0;123,1,4;2
0;123,2,4;3
0;123,2,4;0
0;123,3,4;0
0;124,0,4;1
0;124,0,4;2
0;124,0,4;3
0;124,1,4;0
0;124,1,4;2
0;124,2,4;0
0;124,2,4;1
0;124,3,4;3
0;125,0,4;1
0;125,0,4;2
0;125,0,4;0
0;125,1,4;1
0;125,1,4;3
0;125,2,4;2
0;125,2,4;3
0;125,3,4;2
0;126,0,4;0
0;126,0,4;1
0;126,0,4;3
0;126,1,4;0
0;126,1,4;2
0;126,2,4;1
0;126,2,4;2
0;126,3,4;1
0;127,0,4;2
0;127,0,4;0
0;127,0,4;3
0;127,1,4;1
0;127,1,4;3
0;127,2,4;0
0;127,2,4;2
0;127,3,4;1
0;127,3,4;2
0;128,0,4;0
0;128,0,4;1
0;128,0,4;3
0;128,1,4;0
0;128,1,4;2
0;128,2,4;1
0;128,2,4;2
0;128,3,4;1
0;129,0,4;3
0;129,0,4;2
0;129,0,4;0
0;129,1,4;1
0;129,1,4;3
0;129,2,4;0
0;129,2,4;1
0;129,2,4;2
0;129,3,4;2
0;130,0,4;0
0;130,0,4;1
0;130,1,4;0
0;130,1,4;2
0;130,2,4;1
0;130,2,4;3
0;130,2,4;2
0;130,3,4;1
0;131,0,4;0
0;131,0,4;2
0;131,0,4;3
0;131,1,4;2
0;131,2,4;0
0;131,2,4;1
0;131,3,4;1
0;132,0,288;3
0;132,0,4;2
0;132,0,288;0
0;132,72,288;1
0;132,72,288;2
0;132,2,4;1
0;132,2,4;3
0;132,3,4;2
0;133,0,288;0
0;133,0,4;1
0;133,0,288;3
0;133,72,288;0
0;133,72,288;2
0;133,144,288;2
0;133,144,288;1
0;133,216,288;1
0;134,0,288;2
0;134,0,288;3
0;134,0,288;0
0;134,72,288;0
0;134,72,288;1
0;134,144,288;1
0;134,144,288;3
0;134,216,288;2
0;135,0,288;0
0;135,0,288;1
0;135,0,288;3
0;135,72,288;1
0;135,72,288;2
0;135,144,288;0
0;135,144,288;3
0;135,216,288;0
0;135,216,288;2
0;136,0,288;1
0;136,0,288;2
0;136,0,288;3
0;136,72,288;0
0;136,72,288;3
0;136,144,288;2
0;136,144,288;1
0;136,216,288;1
0;137,0,288;0
0;137,0,288;2
0;137,0,288;3
0;137,72,288;1
0;137,72,288;3
0;137,144,288;0
0;137,144,288;2
0;137,216,288;1
0;137,216,288;2
0;138,0,288;3
0;138,0,288;1
0;138,0,288;0
0;138,72,288;0
0;138,72,288;2
0;138,144,288;1
0;138,144,288;3
0;138,216,288;2
0;138,216,288;3
0;139,0,288;0
0;139,0,288;1
0;139,0,288;2
0;139,0,288;3
0;139,72,288;1
0;139,144,288;0
0;139,144,288;3
0;139,216,288;3
0;140,0,288;1
0;140,0,288;0
0;140,0,288;2
0;140,72,288;1
0;140,72,288;3
0;140,144,288;2
0;140,144,288;3
0;140,216,288;0
0;141,0,288;1
0;141,0,288;2
0;141,0,288;3
0;141,72,288;0
0;141,72,288;2
0;141,144,288;1
0;141,144,288;0
0;141,216,288;1
0;142,0,288;0
0;142,0,288;2
0;142,0,288;3
0;142,72,288;1
0;142,72,288;3
0;142,144,288;1
0;142,144,288;2
0;142,216,288;2
0;143,0,288;3
0;143,0,288;1
0;143,0,288;0
0;143,72,288;0
0;143,72,288;2
0;143,144,288;1
0;143,144,288;3
0;143,216,288;1
0;143,216,288;2
0;144,0,288;0
0;144,0,288;2
0;144,0,288;3
0;144,72,288;1
0;144,72,288;3
0;144,144,288;1
0;144,144,288;2
0;144,216,288;2
0;145,0,288;0
0;145,0,288;1
0;145,0,288;3
0;145,72,288;0
0;145,72,288;2
0;145,144,288;1
0;145,144,288;2
0;145,144,288;3
0;145,216,288;1
0;146,0,288;3
0;146,0,288;2
0;146,72,288;3
0;146,72,288;1
0;146,144,288;0
0;146,144,288;1
0;146,144,288;2
0;146,216,288;2
0;147,0,288;0
0;147,0,288;1
0;147,0,288;3
0;147,72,288;1
0;147,144,288;2
0;147,216,288;2
0;148,0,288;0
0;148,0,288;3
0;148,0,288;1
0;148,1,4;1
0;148,2,4;2
0;148,2,4;3
0;148,3,4;0
0;148,3,4;3
0;149,0,4;1
0;149,0,4;2
0;149,1,4;0
0;149,2,4;1
0;149,2,4;3
0;149,3,4;1
0;150,0,4;0
0;150,0,4;2
0;150,0,4;3
0;150,1,4;1
0;150,1,4;3
0;150,2,4;1
0;150,3,4;2
0;150,3,4;3
0;151,0,4;2
0;151,1,4;0
0;151,2,4;2
0;151,3,4;1
0;152,0,4;0
0;152,0,4;2
0;152,0,4;3
0;152,1,4;3
0;152,2,4;0
0;152,2,4;1
0;152,3,4;0
0;152,3,4;2
0;153,0,4;2
0;153,1,4;0
0;153,2,4;1
0;153,2,4;3
0;153,3,4;2
0;154,0,4;1
0;154,0,4;0
0;154,0,4;3
0;154,1,4;0
0;154,1,4;2
0;154,2,4;2
0;154,3,4;0
0;154,3,4;1
0;155,0,4;2
0;155,0,4;3
0;155,1,4;1
0;155,2,4;2
0;155,3,4;2
0;156,0,4;0
0;156,0,4;1
0;156,0,4;3
0;156,1,4;0
0;156,1,4;2
0;156,2,4;2
0;156,3,4;0
0;156,3,4;1
0;157,0,4;0
0;157,0,4;2
0;157,1,4;2
0;157,2,4;1
0;157,3,4;3
0;158,0,4;2
0;158,0,4;1
0;158,0,4;0
0;158,1,4;2
0;158,2,4;1
0;158,2,4;3
0;158,3,4;2
0;159,0,4;0
0;159,0,4;3
0;159,1,4;1
0;159,2,4;1
0;159,2,4;2
0;159,3,4;3
0;160,0,4;1
0;160,0,4;2
0;160,0,4;0
0;160,1,4;0
0;160,1,4;2
0;160,2,4;1
0;160,3,4;0
0;160,3,4;2
0;160,3,4;3
0;161,0,4;2
0;161,1,4;0
0;161,1,4;1
0;161,2,4;0
0;161,2,4;2
0;161,3,4;2
0;162,0,4;1
0;162,0,4;3
0;162,0,4;0
0;162,1,4;1
0;162,2,4;0
0;162,2,4;2
0;162,2,4;3
0;162,3,4;1
0;163,0,4;0
0;163,0,4;2
0;163,0,4;3
0;163,1,4;1
0;163,2,4;3
0;163,3,4;0
0;164,0,288;1
0;164,0,288;2
0;164,0,288;3
0;164,72,288;1
0;164,144,288;2
0;164,144,288;3
0;164,216,288;0
0;164,216,288;3
0;165,0,288;2
0;165,0,288;1
0;165,72,288;0
0;165,144,288;1
0;165,144,288;3
0;165,216,288;1
0;166,0,288;0
0;166,0,288;2
0;166,0,288;3
0;166,72,288;1
0;166,72,288;3
0;166,144,288;1
0;166,216,288;2
0;166,216,288;3
0;167,0,288;2
0;167,72,288;0
0;167,144,288;2
0;167,216,288;1
0;168,0,288;0
0;168,0,288;2
0;168,0,288;3
0;168,72,288;3
0;168,144,288;0
0;168,144,288;1
0;168,216,288;0
0;168,216,288;2
0;169,0,288;2
0;169,72,288;0
0;169,144,288;1
0;169,144,288;3
0;169,216,288;2
0;170,0,288;1
0;170,0,288;3
0;170,0,288;0
0;170,72,288;0
0;170,72,288;2
0;170,144,288;2
0;170,216,288;0
0;170,216,288;1
0;171,0,288;2
0;171,0,288;3
0;171,72,288;1
0;171,144,288;2
0;171,216,288;2
0;172,0,288;0
0;172,0,288;1
0;172,0,288;3
0;172,72,288;0
0;172,72,288;2
0;172,144,288;2
0;172,216,288;0
0;172,216,288;1
0;173,0,288;2
0;173,0,288;0
0;173,72,288;2
0;173,144,288;1
0;173,216,288;3
0;174,0,288;0
0;174,0,288;1
0;174,0,288;2
0;174,72,288;2
0;174,144,288;1
0;174,144,288;3
0;174,216,288;2
0;175,0,288;3
0;175,0,288;0
0;175,72,288;1
0;175,144,288;1
0;175,144,288;2
0;175,216,288;3
0;176,0,288;0
0;176,0,288;1
0;176,0,288;2
0;176,72,288;0
0;176,72,288;2
0;176,144,288;1
0;176,216,288;3
0;176,216,288;0
0;176,216,288;2
0;177,0,288;2
0;177,72,288;0
0;177,72,288;1
0;177,144,288;0
0;177,144,288;2
0;177,216,288;2
0;178,0,288;0
0;178,0,288;1
0;178,0,288;3
0;178,1,4;2
0;178,2,4;0
0;178,144,288;1
0;178,3,4;1
0;179,0,4;0
0;179,0,4;2
0;179,0,4;3
0;179,1,4;1
0;179,2,4;3
0;179,3,4;2
0;180,0,288;0
0;180,0,288;1
0;180,0,288;3
0;180,72,288;1
0;180,72,288;2
0;180,144,288;0
0;180,216,288;3
0;180,216,288;2
0;181,0,288;1
0;181,0,288;3
0;181,72,288;0
0;181,72,288;2
0;181,144,288;1
0;181,144,288;2
0;181,216,288;1
0;182,0,288;0
0;182,0,288;2
0;182,0,288;3
0;182,72,288;2
0;182,144,288;0
0;182,144,288;1
0;182,216,288;0
0;182,216,288;1
0;182,216,288;3
0;183,0,288;2
0;183,72,288;1
0;183,144,288;0
0;183,144,288;2
0;183,144,288;3
0;183,216,288;1
0;183,216,288;3
0;184,0,288;1
0;184,0,288;2
0;184,72,288;3
0;184,144,288;2
0;184,144,288;0
0;184,216,288;2
0;185,0,288;0
0;185,0,288;3
0;185,0,288;1
0;185,72,288;0
0;185,72,288;2
0;185,144,288;2
0;185,216,288;1
0;186,0,288;0
0;186,0,288;2
0;186,0,288;3
0;186,72,288;1
0;186,72,288;2
0;186,144,288;1
0;186,144,288;3
0;186,216,288;2
0;187,0,288;0
0;187,0,288;3
0;187,0,288;1
0;187,72,288;1
0;187,144,288;0
0;187,144,288;2
0;187,144,288;3
0;187,216,288;0
0;187,216,288;2
0;188,0,288;1
0;188,0,288;2
0;188,72,288;1
0;188,144,288;2
0;188,144,288;3
0;188,144,288;0
0;188,216,288;1
0;188,216,288;2
0;189,0,288;1
0;189,72,288;3
0;189,144,288;0
0;189,144,288;1
0;189,144,288;2
0;189,216,288;1
0;189,216,288;2
0;190,0,288;0
0;190,0,288;3
0;190,72,288;0
0;190,144,288;1
0;190,144,288;2
0;190,144,288;3
0;190,216,288;0
0;190,216,288;2
0;191,0,288;1
0;191,72,288;2
0;191,144,288;3
0;191,144,288;1
0;191,144,288;0
0;191,216,288;1
0;192,0,288;2
0;192,0,288;3
0;192,0,288;0
0;192,72,288;1
0;192,72,288;2
0;192,144,288;3
0;192,216,288;0
0;192,216,288;2
0;193,0,288;1
0;193,0,288;2
0;193,0,288;3
0;193,72,288;1
0;193,144,288;2
0;193,144,288;3
0;193,216,288;2
0;194,0,288;0
0;194,0,288;1
0;194,0,288;3
0;194,72,288;0
0;194,72,288;2
0;194,144,288;1
0;194,144,288;2
0;194,216,288;3
0;194,216,288;1
0;195,0,288;0
0;195,0,288;2
0;195,0,288;3
0;195,72,288;2
0;195,144,288;0
0;195,144,288;3
0;195,216,288;1
0;196,0,288;0
0;196,0,288;2
0;196,0,288;3
0;196,72,288;2
0;196,72,288;1
0;196,144,288;0
0;196,216,288;2
0;196,216,288;3
0;197,0,288;1
0;197,0,288;3
0;197,72,288;0
0;197,72,288;2
0;197,144,288;1
0;197,144,288;2
0;197,216,288;1
0;198,0,288;3
0;198,0,288;2
0;198,0,288;0
0;198,72,288;2
0;198,144,288;1
0;198,144,288;0
0;198,216,288;1
0;198,216,288;3
0;198,216,288;0
0;199,0,288;2
0;199,72,288;1
0;199,144,288;0
0;199,144,288;2
0;199,144,288;3
0;199,216,288;1
0;199,216,288;3
0;200,0,288;2
0;200,0,288;1
0;200,72,288;3
0;200,144,288;0
0;200,144,288;2
0;200,216,288;2
0;201,0,288;0
0;201,0,288;1
0;201,0,288;3
0;201,72,288;0
0;201,72,288;2
0;201,144,288;2
0;201,216,288;1
0;202,0,288;2
0;202,0,288;3
0;202,0,288;0
0;202,72,288;1
0;202,72,288;2
0;202,144,288;1
0;202,144,288;3
0;202,216,288;2
0;203,0,288;0
0;203,0,288;1
0;203,0,288;3
0;203,72,288;1
0;203,144,288;0
0;203,144,288;3
0;203,144,288;2
0;203,216,288;0
0;203,216,288;2
0;204,0,288;1
0;204,0,288;2
0;204,72,288;1
0;204,144,288;0
0;204,144,288;2
0;204,144,288;3
0;204,216,288;2
0;204,216,288;1
0;205,0,288;1
0;205,72,288;3
0;205,144,288;0
0;205,144,288;1
0;205,144,288;2
0;205,216,288;1
0;205,216,288;2
0;206,0,288;0
0;206,0,288;3
0;206,72,288;0
0;206,144,288;1
0;206,144,288;2
0;206,144,288;3
0;206,216,288;0
0;206,216,288;2
0;207,0,288;1
0;207,72,288;2
0;207,144,288;0
0;207,144,288;1
0;207,144,288;3
0;207,216,288;1
0;208,0,288;0
0;208,0,288;2
0;208,0,288;3
0;208,72,288;2
0;208,72,288;1
0;208,144,288;3
0;208,216,288;0
0;208,216,288;2
0;209,0,288;1
0;209,0,288;2
0;209,0,288;3
0;209,72,288;1
0;209,144,288;2
0;209,144,288;3
0;209,216,288;2
0;210,0,288;3
0;210,0,288;1
0;210,0,288;0
0;210,72,288;1
0;210,144,288;0
0;210,144,288;2
0;210,216,288;2
0;211,0,288;0
0;211,0,288;3
0;211,2,4;2
0;211,3,4;3
0;212,0,4;0
0;212,1,4;1
0;212,2,4;3
0;212,3,4;2
0;213,0,4;0
0;213,2,4;2
0;213,3,4;2
0;214,0,4;0
0;214,2,6;1
0;214,2,4;3
0;215,0,4;0
0;215,0,4;2
0;215,1,4;2
0;215,2,4;3
0;215,3,4;0
0;216,0,4;1
0;216,0,4;3
0;216,1,4;1
0;216,2,4;2
0;216,3,4;0
0;217,0,4;1
0;217,0,4;2
0;217,0,4;3
0;217,1,4;0
0;217,1,4;3
0;217,2,4;1
0;217,3,4;2
0;218,0,4;0
0;218,0,4;1
0;218,1,4;0
0;218,1,4;3
0;218,2,4;1
0;218,2,4;2
0;218,3,4;1
0;218,3,4;3
0;219,0,4;0
0;219,0,4;2
0;219,0,4;3
0;219,1,4;2
0;219,2,4;1
0;219,3,4;0
0;219,3,4;3
0;220,0,4;0
0;220,0,4;1
0;220,0,4;2
0;220,1,4;2
0;220,2,4;0
0;220,2,4;1
0;220,2,4;3
0;220,3,4;1
0;221,0,4;2
0;221,0,4;3
0;221,1,4;0
0;221,2,4;1
0;221,2,4;3
0;221,3,4;0
0;221,3,4;2
0;222,0,4;1
0;222,0,4;3
0;222,0,4;2
0;222,1,4;1
0;222,2,4;3
0;222,2,4;2
0;222,3,4;0
0;222,3,4;1
0;223,0,4;0
0;223,0,4;2
0;223,0,4;3
0;223,1,4;1
0;223,2,4;0
0;223,2,4;3
0;223,3,4;2
0;224,0,4;1
0;224,0,4;2
0;224,0,4;0
0;224,1,4;3
0;224,2,4;1
0;224,3,4;2
0;225,0,4;0
0;225,0,4;1
0;225,0,4;3
0;225,1,4;1
0;225,2,4;2
0;225,2,4;3
0;225,3,4;1
0;225,3,4;3
0;226,0,4;0
0;226,0,4;1
0;226,0,4;2
0;226,1,4;2
0;226,2,4;0
0;226,2,4;1
0;226,2,4;3
0;226,3,4;1
0;226,3,4;2
0;227,0,4;3
0;227,0,4;2
0;227,0,4;0
0;227,1,4;1
0;227,2,4;3
0;227,3,4;2
0;228,0,4;0
0;228,0,4;1
0;228,0,4;3
0;228,1,4;1
0;228,2,4;0
0;228,2,4;3
0;228,3,4;3
0;229,0,4;0
0;229,0,4;2
0;229,0,4;1
0;229,1,4;1
0;229,2,4;3
0;229,3,4;2
0;230,0,4;0
0;230,0,4;1
0;230,0,4;3
0;230,1,4;0
0;230,1,4;1
0;230,1,4;3
0;230,2,4;2
0;230,3,4;0
0;230,3,4;1
0;230,3,4;3
0;231,0,4;2
0;231,0,4;0
0;231,1,4;1
0;231,2,4;2
0;231,2,4;3
0;231,3,4;2
0;232,0,4;0
0;232,0,4;1
0;232,0,4;3
0;232,1,4;1
0;232,2,4;0
0;232,2,4;3
0;232,3,4;2
0;233,0,4;0
0;233,0,4;3
0;233,0,4;1
0;233,1,4;2
0;233,2,4;2
0;233,3,4;1
0;234,0,4;0
0;234,0,4;2
0;234,0,4;3
0;234,1,4;0
0;234,1,4;2
0;234,1,4;3
0;234,2,4;1
0;234,3,4;0
0;234,3,4;3
0;234,3,4;2
0;235,0,4;1
0;235,0,4;3
0;235,1,4;2
0;235,2,4;1
0;235,3,4;3
0;236,0,4;0
0;236,0,4;1
0;236,0,4;2
0;236,1,4;1
0;236,2,4;2
0;236,3,4;0
0;237,0,4;2
0;237,0,4;3
0;237,0,4;1
0;237,1,4;1
0;237,2,4;0
0;237,2,4;3
0;237,3,4;2
0;238,0,4;0
0;238,0,4;1
0;238,0,4;2
0;238,1,4;3
0;238,1,4;1
0;238,2,4;2
0;238,3,4;0
0;238,3,4;1
0;239,0,4;0
0;239,0,4;2
0;239,0,4;3
0;239,1,4;2
0;239,2,4;1
0;239,3,4;2
0;240,0,4;3
0;240,0,4;0
0;240,0,4;1
0;240,1,4;1
0;240,1,4;2
0;240,2,4;3
0;240,3,4;0
0;240,3,4;2
0;241,0,4;1
0;241,0,4;2
0;241,0,4;3
0;241,1,4;1
0;241,2,4;3
0;241,2,4;2
0;241,2,4;0
0;241,3,4;2
0;242,0,4;0
0;242,0,4;1
0;242,0,4;3
0;242,1,4;1
0;242,1,4;2
0;242,2,4;0
0;242,2,4;2
0;242,3,4;1
0;242,3,4;3
0;243,0,4;0
0;243,0,4;2
0;243,0,4;1
0;243,1,4;2
0;243,2,4;0
0;243,3,4;3
0;244,0,4;1
0;244,0,4;0
0;244,0,4;2
0;244,1,4;1
0;244,1,4;3
0;244,2,4;0
0;244,2,4;2
0;245,0,4;1
0;245,0,4;2
0;245,0,4;3
0;245,1,4;0
0;245,1,4;3
0;245,2,4;0
0;245,2,4;2
0;245,3,4;1
0;246,0,4;0
0;246,0,4;3
0;246,0,4;2
0;246,2,4;1
0;247,0,4;0
0;247,0,4;2
0;247,0,4;3
0;247,1,4;1
0;247,1,4;3
0;247,2,4;1
0;247,2,4;2
0;248,0,4;3
0;248,0,4;2
0;248,0,4;0
0;248,1,4;2
0;248,1,4;1
0;248,2,4;1
0;248,2,4;3
0;248,3,4;2
0;249,0,4;0
0;249,0,4;1
0;249,0,4;3
0;249,2,4;1
0;250,0,4;0
0;250,0,4;2
0;250,0,4;3
0;250,1,4;1
0;250,1,4;3
0;250,2,4;2
0;250,3,4;0
0;251,0,4;1
0;251,0,4;2
0;251,0,4;3
0;251,1,4;0
0;251,1,4;2
0;251,2,4;1
0;251,2,4;3
0;251,3,4;2
0;252,0,4;3
0;252,0,4;0
0;252,0,4;1
0;252,1,4;0
0;252,1,4;2
0;252,2,4;1
0;252,3,4;2
0;252,3,4;3
0;253,0,4;0
0;253,0,4;1
0;253,0,4;3
0;253,1,4;1
0;253,2,4;2
0;253,2,4;3
0;253,3,4;0
0;253,3,4;2
0;254,0,4;0
0;254,0,4;1
0;254,0,4;3
0;254,1,4;1
0;254,1,4;2
0;254,2,4;2
0;254,3,4;0
0;254,3,4;1
0;255,0,4;3
0;255,0,4;0
0;255,0,4;2
0;255,1,4;1
0;255,1,4;3
0;255,2,4;2
0;255,3,4;1
0;256,0,4;0
0;256,0,4;2
0;256,0,4;3
0;256,1,4;1
0;256,1,4;3
0;256,2,4;2
0;256,3,4;1
0;256,3,4;0
0;257,0,4;1
0;257,0,4;2
0;257,0,4;3
0;257,1,4;0
0;257,2,4;2
0;257,2,4;3
0;257,3,4;1
0;258,0,4;0
0;258,0,4;2
0;258,0,4;3
0;258,1,4;2
0;258,2,4;0
0;258,2,4;1
0;258,3,4;1
0;259,0,4;2
0;259,0,4;0
0;259,0,4;3
0;259,1,4;1
0;259,2,4;0
0;259,2,4;3
0;259,3,4;2
0;260,0,4;0
0;260,0,4;1
0;260,0,4;3
0;260,1,4;0
0;260,1,4;2
0;260,2,4;1
0;260,2,4;2
0;261,0,4;0
0;261,0,4;3
0;261,0,4;2
0;261,1,4;1
0;261,1,4;3
0;261,2,4;1
0;261,2,4;2
0;261,3,4;0
0;262,0,4;1
0;262,0,4;2
0;262,0,4;3
0;262,1,4;1
0;262,2,4;3
0;262,2,4;2
0;263,0,4;0
0;263,0,4;2
0;263,0,4;3
0;263,1,4;1
0;263,1,4;3
0;263,2,4;0
0;263,2,4;2
0;264,0,4;0
0;264,0,4;1
0;264,0,4;2
0;264,1,4;1
0;264,1,4;3
0;264,2,4;2
0;264,2,4;3
0;265,0,4;0
0;265,0,4;1
0;265,0,4;3
0;265,2,4;1
0;265,2,4;2
0;265,2,4;3
0;266,0,4;3
0;266,0,4;2
0;266,0,4;0
0;266,1,4;1
0;266,1,4;3
0;266,2,4;2
0;266,3,4;1
0;267,0,4;0
0;267,0,4;2
0;267,0,4;3
0;267,1,4;0
0;267,1,4;1
0;267,2,4;2
0;267,3,4;1
0;268,0,4;2
0;268,0,4;3
0;268,0,4;0
0;268,1,4;1
0;268,1,4;3
0;268,2,4;2
0;268,3,4;0
0;268,3,4;1
0;269,0,4;3
0;269,1,4;0
0;269,1,4;1
0;269,1,4;2
0;269,2,4;3
0;269,2,4;0
0;269,3,4;2
0;270,0,4;0
0;270,0,4;1
0;270,0,4;3
0;270,1,4;0
0;270,1,4;2
0;270,2,4;1
0;270,3,4;2
0;270,3,4;3
0;271,0,4;0
0;271,1,4;2
0;271,1,4;3
0;271,1,4;1
0;271,2,4;0
0;271,2,4;2
0;271,3,4;1
0;272,0,4;0
0;272,0,4;2
0;272,0,4;3
0;272,1,4;1
0;272,1,4;3
0;272,2,4;1
0;272,2,4;2
0;272,3,4;2
0;272,3,4;0
0;273,0,4;0
0;273,0,4;3
0;273,0,4;1
0;273,1,4;2
0;273,2,4;1
0;273,3,4;3
0;274,0,4;1
0;274,0,4;2
0;274,0,4;0
0;274,1,4;2
0;274,2,4;1
0;274,3,4;3
0;275,0,4;0
0;275,0,4;2
0;275,1,4;2
0;275,2,4;1
0;275,3,4;2
0;276,0,288;0
0;276,0,288;3
0;276,0,288;1
0;276,72,288;1
0;276,72,288;2
0;276,144,288;0
0;276,144,288;2
0;276,216,288;1
0;277,0,288;0
0;277,0,288;2
0;277,0,288;3
0;277,72,288;3
0;277,72,288;1
0;277,144,288;1
0;277,144,288;2
0;277,216,288;2
0;278,0,288;0
0;278,0,288;1
0;278,0,288;3
0;278,72,288;2
0;278,72,288;3
0;278,144,288;0
0;278,144,288;2
0;278,216,288;1
0;279,0,288;0
0;279,0,288;3
0;279,0,288;2
0;279,72,288;1
0;279,72,288;2
0;279,144,288;0
0;279,144,288;3
0;279,216,288;1
0;279,216,288;3
0;280,0,288;0
0;280,0,288;1
0;280,0,288;2
0;280,72,288;0
0;280,72,288;3
0;280,144,288;1
0;280,144,288;2
0;280,216,288;2
0;281,0,288;0
0;281,0,288;1
0;281,0,288;3
0;281,72,288;0
0;281,72,288;2
0;281,144,288;1
0;281,144,288;3
0;281,216,288;2
0;281,216,288;1
0;282,0,288;0
0;282,0,288;2
0;282,0,288;3
0;282,72,288;1
0;282,72,288;3
0;282,144,288;0
0;282,144,288;2
0;282,216,288;0
0;282,216,288;1
0;283,0,288;3
0;283,0,288;2
0;283,0,288;0
0;283,0,288;1
0;283,72,288;2
0;283,144,288;0
0;283,144,288;3
0;283,216,288;0
0;284,0,288;1
0;284,0,288;2
0;284,0,288;3
0;284,72,288;0
0;284,72,288;2
0;284,144,288;0
0;284,144,288;1
0;284,216,288;3
0;285,0,288;0
0;285,0,288;1
0;285,0,288;2
0;285,72,288;1
0;285,72,288;3
0;285,144,288;2
0;285,144,288;3
0;285,216,288;2
0;286,0,288;0
0;286,0,288;1
0;286,0,288;3
0;286,72,288;0
0;286,72,288;2
0;286,144,288;1
0;286,144,288;2
0;286,216,288;1
0;287,0,288;0
0;287,0,288;2
0;287,0,288;3
0;287,72,288;1
0;287,72,288;3
0;287,144,288;0
0;287,144,288;2
0;287,216,288;1
0;287,216,288;2
0;288,0,288;3
0;288,0,288;1
0;288,0,288;0
0;288,72,288;0
0;288,72,288;2
0;288,144,288;1
0;288,144,288;2
0;288,216,288;1
0;289,0,288;0
0;289,0,288;2
0;289,0,288;3
0;289,72,288;1
0;289,72,288;3
0;289,144,288;0
0;289,144,288;2
0;289,144,288;1
0;289,216,288;2
0;290,0,288;0
0;290,0,288;1
0;290,72,288;0
0;290,72,288;2
0;290,144,288;1
0;290,144,288;2
0;290,144,288;3
0;290,216,288;1
0;291,0,288;2
0;291,0,288;3
0;291,0,288;0
0;291,72,288;2
0;291,144,288;0
0;291,144,288;1
0;291,216,288;1
0;292,0,288;0
0;292,0,288;2
0;292,0,288;3
0;292,72,288;1
0;292,72,288;2
0;292,144,288;3
0;292,144,288;1
0;292,216,288;2
0;293,0,288;1
0;293,0,288;3
0;293,0,288;0
0;293,72,288;0
0;293,72,288;2
0;293,144,288;1
0;293,144,288;2
0;293,216,288;1
0;294,0,288;0
0;294,0,288;2
0;294,0,288;3
0;294,72,288;1
0;294,72,288;0
0;294,144,288;1
0;294,144,288;3
0;294,216,288;2
0;295,0,288;0
0;295,0,288;1
0;295,0,288;3
0;295,72,288;1
0;295,72,288;2
0;295,144,288;0
0;295,144,288;3
0;295,216,288;2
0;295,216,288;0
0;296,0,288;1
0;296,0,288;2
0;296,0,288;3
0;296,72,288;0
0;296,72,288;3
0;296,144,288;1
0;296,144,288;2
0;296,216,288;1
0;297,0,288;0
0;297,0,288;2
0;297,0,288;3
0;297,72,288;3
0;297,72,288;1
0;297,144,288;0
0;297,144,288;2
0;297,216,288;1
0;297,216,288;2
0;298,0,288;0
0;298,0,288;1
0;298,0,288;3
0;298,72,288;0
0;298,72,288;2
0;298,144,288;1
0;298,144,288;3
0;298,216,288;3
0;298,216,288;2
0;299,0,288;0
0;299,0,288;3
0;299,0,288;1
0;299,0,288;2
0;299,72,288;1
0;299,144,288;0
0;299,144,288;3
0;299,216,288;3
0;300,0,288;0
0;300,0,288;1
0;300,0,288;2
0;300,72,288;1
0;300,72,288;3
0;300,144,288;2
0;300,144,288;3
0;300,216,288;0
0;301,0,288;3
0;301,0,288;2
0;301,0,288;1
0;301,72,288;0
0;301,72,288;2
0;301,144,288;0
0;301,144,288;1
0;301,216,288;1
0;302,0,288;0
0;302,0,288;2
0;302,0,288;3
0;302,72,288;1
0;302,72,288;3
0;302,144,288;2
0;302,144,288;1
0;302,216,288;2
0;303,0,288;0
0;303,0,288;1
0;303,0,288;3
0;303,72,288;0
0;303,72,288;2
0;303,144,288;1
0;303,144,288;3
0;303,216,288;1
0;303,216,288;2
0;304,0,288;3
0;304,0,288;2
0;304,0,288;0
0;304,72,288;1
0;304,72,288;3
0;304,144,288;1
0;304,144,288;2
0;304,216,288;2
0;305,0,288;0
0;305,0,288;1
0;305,0,288;3
0;305,72,288;0
0;305,72,288;2
0;305,144,288;1
0;305,144,288;3
0;305,144,288;2
0;305,216,288;1
0;306,0,288;3
0;306,0,288;2
0;306,72,288;1
0;306,72,288;3
0;306,144,288;0
0;306,144,288;1
0;306,144,288;2
0;306,216,288;2
0;307,0,288;0
0;307,0,288;1
0;307,0,288;3
0;307,72,288;1
0;307,144,288;2
0;307,3,4;1
0;308,0,4;0
0;308,0,4;2
0;308,0,4;3
0;308,1,4;1
0;308,1,4;2
0;308,2,4;1
0;308,2,4;3
0;309,0,4;3
0;309,0,4;1
0;309,0,4;0
0;309,1,4;1
0;309,1,4;2
0;309,2,4;0
0;309,2,4;2
0;310,0,4;1
0;310,0,4;2
0;310,0,4;3
0;310,1,4;0
0;310,1,4;2
0;310,2,4;0
0;310,2,4;1
0;311,0,4;0
0;311,0,4;2
0;311,0,4;1
0;312,0,4;1
0;312,0,4;2
0;312,0,4;3
0;312,1,4;0
0;312,1,4;2
0;312,2,4;1
0;312,2,4;3
0;313,0,4;3
0;313,0,4;2
0;313,0,4;0
0;313,1,4;1
0;313,1,4;2
0;313,2,4;1
0;313,2,4;3
0;314,0,4;1
0;314,0,4;2
0;314,0,4;3
0;314,1,4;0
0;314,1,4;3
0;314,2,4;0
0;314,2,4;2
0;315,0,4;2
0;315,0,4;3
0;315,0,4;0
0;315,2,4;1
0;315,2,4;3
0;316,0,4;0
0;316,0,4;1
0;316,0,4;2
0;316,1,4;1
0;316,1,4;3
0;316,2,4;0
0;316,2,4;3
0;317,0,4;3
0;317,0,4;2
0;317,0,4;0
0;317,1,4;3
0;317,1,4;1
0;317,2,4;0
0;317,2,4;1
0;318,0,4;0
0;318,0,4;1
0;318,0,4;2
0;318,1,4;1
0;318,1,4;3
0;318,2,4;2
0;318,2,4;3
0;319,0,4;1
0;319,0,4;2
0;319,0,4;0
0;320,0,4;0
0;320,0,4;1
0;320,0,4;3
0;320,1,4;1
0;320,1,4;2
0;321,0,4;0
0;321,0,4;1
0;321,0,4;2
0;321,1,4;1
0;321,1,4;3
0;322,0,4;3
0;322,0,4;0
0;322,0,4;2
0;322,2,4;1
0;322,2,4;2
0;322,2,4;3
0;323,0,4;0
0;323,0,4;1
0;323,0,4;3
0;323,3,6;2
0;323,4,6;1
0;323,5,6;0
0;324,0,6;1
0;324,0,6;2
0;324,0,6;3
0;324,1,4;0
0;324,1,4;2
0;324,2,4;0
0;324,2,4;1
0;325,0,4;0
0;325,0,4;2
0;325,0,4;3
0;325,1,4;1
0;325,1,4;2
0;325,2,4;1
0;325,2,4;3
0;326,0,4;0
0;326,0,4;2
0;326,0,4;1
0;326,1,4;1
0;326,1,4;3
0;326,2,4;2
0;326,2,4;3
0;327,0,4;0
0;327,0,4;1
0;327,0,4;3
0;328,0,4;0
0;328,0,4;1
0;328,0,4;3
0;328,1,4;1
0;328,1,4;2
0;328,2,4;0
0;328,2,4;2
0;329,0,4;0
0;329,0,4;1
0;329,0,4;2
0;329,1,4;1
0;329,1,4;3
0;329,2,4;2
0;329,2,4;3
0;330,0,4;3
0;330,0,4;2
0;330,0,4;0
0;330,1,4;2
0;330,1,4;1
0;330,2,4;1
0;330,2,4;0
0;331,0,4;2
0;331,0,4;0
0;331,0,4;3
0;331,2,4;1
0;331,2,4;2
0;332,0,4;0
0;332,0,4;1
0;332,0,4;3
0;332,1,4;1
0;332,1,4;2
0;332,2,4;0
0;332,2,4;2
0;333,0,4;2
0;333,0,4;3
0;333,0,4;0
0;333,1,4;1
0;333,1,4;3
0;333,2,4;1
0;333,2,4;2
0;334,0,4;0
0;334,0,4;1
0;334,0,4;2
0;334,1,4;1
0;334,1,4;3
0;334,2,4;0
0;334,2,4;2
0;335,0,4;0
0;335,0,4;2
0;335,0,4;3
0;336,0,4;0
0;336,0,4;1
0;336,0,4;2
0;336,2,4;0
0;336,2,4;1
0;336,2,4;3
0;337,0,4;2
0;337,0,4;3
0;337,0,4;1
0;337,2,4;0
0;337,2,4;2
0;337,2,4;3
0;338,0,4;0
0;338,0,4;1
0;338,0,4;2
0;338,2,4;0
0;338,2,4;1
0;338,2,4;2
0;339,0,4;2
0;339,0,4;0
0;339,0,4;1
0;339,3,6;0
0;339,4,6;2
0;339,5,6;1
0;340,0,6;0
0;340,0,6;2
0;340,0,6;3
0;340,1,4;1
0;340,1,4;3
0;340,2,4;0
0;340,2,4;2
0;340,3,4;0
0;340,3,4;2
0;341,0,4;0
0;341,0,4;2
0;341,1,4;1
0;341,2,4;0
0;341,2,4;2
0;341,2,4;3
0;341,3,4;1
0;341,3,4;3
0;342,0,4;0
0;342,0,4;2
0;342,1,4;0
0;342,1,4;2
0;342,2,4;0
0;342,2,4;2
0;342,3,4;3
0;343,0,4;0
0;343,0,4;1
0;343,0,4;2
0;343,2,4;1
0;344,0,4;0
0;344,0,4;2
0;344,0,4;3
0;344,1,4;1
0;344,1,4;2
0;344,2,4;1
0;344,2,4;3
0;345,0,4;0
0;345,0,4;3
0;345,0,4;2
0;345,1,4;1
0;345,1,4;3
0;345,2,4;1
0;345,2,4;2
0;346,0,4;0
0;346,0,4;2
0;346,0,4;3
0;346,1,4;1
0;346,1,4;3
0;346,2,4;0
0;346,2,4;2
0;347,0,4;0
0;347,0,4;2
0;347,0,4;1
0;347,2,4;0
0;347,2,4;3
0;348,0,4;0
0;348,0,4;2
0;348,0,4;3
0;348,1,4;0
0;348,1,4;1
0;348,2,4;2
0;348,2,4;3
0;348,3,4;2
0;348,3,4;3
0;349,0,4;3
0;349,0,4;2
0;349,1,4;1
0;349,2,4;0
0;349,2,4;2
0;349,2,4;3
0;349,3,4;0
0;349,3,4;1
0;350,0,4;2
0;350,0,4;3
0;350,1,4;2
0;350,1,4;3
0;350,2,4;2
0;350,2,4;3
0;350,3,4;0
0;351,0,4;1
0;351,0,4;2
0;351,0,4;3
0;351,2,4;1
0;352,0,4;0
0;352,0,4;2
0;352,0,4;3
0;352,1,4;1
0;352,1,4;3
0;352,2,4;2
0;352,2,4;1
0;353,0,4;0
0;353,0,4;1
0;353,0,4;2
0;353,1,4;1
0;353,1,4;3
0;353,2,4;2
0;353,2,4;3
0;354,0,4;0
0;354,0,4;2
0;354,0,4;3
0;354,1,4;1
0;354,1,4;3
0;354,2,4;1
0;354,2,4;2
0;355,0,4;0
0;355,0,4;2
0;355,0,4;3
0;355,2,4;1
0;355,2,4;2
0;356,0,4;0
0;356,0,4;1
0;356,0,4;2
0;356,1,4;2
0;356,1,4;3
0;356,2,4;1
0;356,2,4;0
0;356,3,4;0
0;356,3,4;1
0;357,0,4;0
0;357,0,4;1
0;357,1,4;3
0;357,2,4;0
0;357,2,4;1
0;357,2,4;2
0;357,3,4;2
0;357,3,4;3
0;358,0,4;0
0;358,0,4;1
0;358,1,4;0
0;358,1,4;1
0;358,2,4;0
0;358,2,4;1
0;358,3,4;2
0;359,0,4;0
0;359,0,4;1
0;359,0,4;3
0;359,2,4;2
0;360,0,4;3
0;360,0,4;1
0;360,0,4;0
0;360,1,4;1
0;360,1,4;2
0;360,2,4;0
0;360,2,4;2
0;361,0,4;0
0;361,0,4;2
0;361,0,4;3
0;361,1,4;1
0;361,1,4;3
0;361,2,4;1
0;361,2,4;2
0;362,0,4;2
0;362,0,4;0
0;362,0,4;1
0;362,1,4;0
0;362,1,4;3
0;362,2,4;1
0;362,2,4;3
0;363,0,4;0
0;363,0,4;3
0;363,0,4;2
0;363,2,4;1
0;363,2,4;2
0;364,0,4;0
0;364,0,4;2
0;364,0,4;1
0;364,1,4;0
0;364,1,4;3
0;364,2,4;1
0;364,2,4;2
0;364,3,4;1
0;364,3,4;2
0;365,0,4;1
0;365,0,4;2
0;365,1,4;3
0;365,2,4;1
0;365,2,4;2
0;365,2,4;0
0;365,3,4;0
0;365,3,4;3
0;366,0,4;1
0;366,0,4;2
0;366,1,4;1
0;366,1,4;2
0;366,2,4;1
0;366,2,4;2
0;366,3,4;0
0;367,0,4;2
0;367,0,4;3
0;367,0,4;1
0;367,2,4;2
0;368,0,4;0
0;368,0,4;1
0;368,0,4;3
0;368,1,4;1
0;368,1,4;2
0;369,0,4;3
0;369,0,4;2
0;369,0,4;0
0;369,1,4;1
0;369,1,4;2
0;370,0,4;0
0;370,0,4;1
0;370,0,4;2
0;370,1,4;1
0;370,2,4;0
0;370,2,4;2
0;370,2,4;3
0;371,0,4;3
0;371,0,4;2
0;371,0,4;1
0;371,2,4;0
0;371,2,4;2
0;372,0,6;0
0;372,0,6;3
0;372,2,6;1
0;372,3,6;2
0;372,3,6;3
0;372,4,6;0
0;372,5,6;2
0;373,0,6;0
0;373,0,6;1
0;373,1,6;2
0;373,2,6;3
0;373,3,6;0
0;373,3,6;1
0;373,4,6;2
0;373,5,6;1
0;373,5,6;3
0;374,0,6;0
0;374,0,6;2
0;374,1,6;3
0;374,2,6;0
0;374,2,6;2
0;374,3,6;1
0;374,4,6;3
0;374,4,6;2
0;374,5,6;0
0;375,0,6;1
0;375,0,6;2
0;375,0,6;3
0;376,0,4;0
0;376,0,4;1
1;376,0,4;377,0,4;3
1;378,0,4;379,0,4;1
1;380,0,4;381,0,4;2
1;382,0,4;383,0,4;0
1;384,0,4;385,0,4;1
1;386,0,4;387,0,4;2
1;388,0,4;389,0,4;3
1;390,0,4;391,0,4;1
1;392,0,4;393,0,4;2
1;394,0,4;395,0,4;0
1;396,0,4;397,0,4;1
1;398,0,4;399,0,4;3
1;400,0,4;401,0,4;2
1;402,0,4;403,0,4;3
1;404,0,4;405,0,4;0
0;406,2,4;2
0;406,2,4;0
0;407,0,4;1
0;407,0,4;3
0;407,0,4;2
0;408,0,288;0
0;408,0,288;3
0;408,0,288;1
0;408,72,288;1
0;408,72,288;2
0;408,144,288;0
0;408,144,288;2
0;408,216,288;1
0;409,0,288;0
0;409,0,288;2
0;409,0,288;3
0;409,72,288;1
0;409,72,288;3
0;409,144,288;1
0;409,144,288;2
0;409,216,288;2
0;410,0,288;0
0;410,0,288;1
0;410,0,288;3
0;410,72,288;2
0;410,72,288;3
0;410,144,288;0
0;410,144,288;2
0;410,216,288;1
0;411,0,288;2
0;411,0,288;3
0;411,0,288;0
0;411,72,288;1
0;411,72,288;2
0;411,144,288;0
0;411,144,288;3
0;411,216,288;1
0;411,216,288;3
0;412,0,288;2
0;412,0,288;1
0;412,0,288;0
0;412,72,288;0
0;412,72,288;3
0;412,144,288;1
0;412,144,288;2
0;412,216,288;2
0;413,0,288;0
0;413,0,288;1
0;413,0,288;3
0;413,72,288;0
0;413,72,288;2
0;413,144,288;3
0;413,144,288;1
0;413,216,288;1
0;413,216,288;2
0;414,0,288;0
0;414,0,288;2
0;414,0,288;3
0;414,72,288;1
0;414,72,288;3
0;414,144,288;0
0;414,144,288;2
0;414,216,288;0
0;414,216,288;1
0;415,0,288;2
0;415,0,288;3
0;415,0,288;1
0;415,0,288;0
0;415,72,288;2
0;415,144,288;0
0;415,144,288;3
0;415,216,288;0
0;416,0,288;1
0;416,0,288;2
0;416,0,288;3
0;416,72,288;0
0;416,72,288;2
0;416,144,288;1
0;416,144,288;0
0;416,216,288;3
0;417,0,288;0
0;417,0,288;1
0;417,0,288;2
0;417,72,288;1
0;417,72,288;3
0;417,144,288;2
0;417,144,288;3
0;417,216,288;2
0;418,0,288;0
0;418,0,288;1
0;418,0,288;3
0;418,72,288;0
0;418,72,288;2
0;418,144,288;1
0;418,144,288;2
0;418,216,288;1
0;419,0,288;0
0;419,0,288;2
0;419,0,288;3
0;419,72,288;1
0;419,72,288;3
0;419,144,288;0
0;419,144,288;2
0;419,216,288;2
0;419,216,288;1
0;420,0,288;0
0;420,0,288;3
0;420,0,288;1
0;420,72,288;0
0;420,72,288;2
0;420,144,288;1
0;420,144,288;2
0;420,216,288;1
0;421,0,288;0
0;421,0,288;2
0;421,0,288;3
0;421,72,288;1
0;421,72,288;3
0;421,144,288;0
0;421,144,288;1
0;421,144,288;2
0;421,216,288;2
0;422,0,288;0
0;422,0,288;1
0;422,72,288;0
0;422,72,288;2
0;422,144,288;1
0;422,144,288;2
0;422,144,288;3
0;422,216,288;1
0;423,0,288;0
0;423,0,288;2
0;423,0,288;3
0;423,72,288;2
0;423,144,288;1
0;423,144,288;0
0;423,216,288;1
0;424,0,288;0
0;424,0,288;2
0;424,0,288;3
0;424,72,288;1
0;424,72,288;2
0;424,144,288;1
0;424,144,288;3
0;424,216,288;2
0;425,0,288;0
0;425,0,288;3
0;425,0,288;1
0;425,72,288;0
0;425,72,288;2
0;425,144,288;1
0;425,144,288;2
0;425,216,288;1
0;426,0,288;0
0;426,0,288;2
0;426,0,288;3
0;426,72,288;1
0;426,72,288;0
0;426,144,288;1
0;426,144,288;3
0;426,216,288;2
0;427,0,288;0
0;427,0,288;1
0;427,0,288;3
0;427,72,288;1
0;427,72,288;2
0;427,144,288;0
0;427,144,288;3
0;427,216,288;0
0;427,216,288;2
0;428,0,288;1
0;428,0,288;3
0;428,0,288;2
0;428,72,288;0
0;428,72,288;3
0;428,144,288;1
0;428,144,288;2
0;428,216,288;1
0;429,0,288;0
0;429,0,288;2
0;429,0,288;3
0;429,72,288;3
0;429,72,288;1
0;429,144,288;0
0;429,144,288;2
0;429,216,288;1
0;429,216,288;2
0;430,0,288;0
0;430,0,288;1
0;430,0,288;3
0;430,72,288;0
0;430,72,288;2
0;430,144,288;1
0;430,144,288;3
0;430,216,288;3
0;430,216,288;2
0;431,0,288;0
0;431,0,288;1
0;431,0,288;2
0;431,0,288;3
0;431,72,288;1
0;431,144,288;0
0;431,144,288;3
0;431,216,288;3
0;432,0,288;0
0;432,0,288;1
0;432,0,288;2
0;432,72,288;3
0;432,72,288;1
0;432,144,288;2
0;432,144,288;3
0;432,216,288;0
0;433,0,288;2
0;433,0,288;3
0;433,0,288;1
0;433,72,288;0
0;433,72,288;2
0;433,144,288;0
0;433,144,288;1
0;433,216,288;1
0;434,0,288;0
0;434,0,288;2
0;434,0,288;3
0;434,72,288;1
0;434,72,288;3
0;434,144,288;1
0;434,144,288;2
0;434,216,288;2
0;435,0,288;0
0;435,0,288;1
0;435,0,288;3
0;435,72,288;0
0;435,72,288;2
0;435,144,288;3
0;435,144,288;1
0;435,216,288;1
0;435,216,288;2
0;436,0,288;0
0;436,0,288;2
0;436,0,288;3
0;436,72,288;1
0;436,72,288;3
0;436,144,288;1
0;436,144,288;2
0;436,216,288;2
0;437,0,288;1
0;437,0,288;3
0;437,0,288;0
0;437,72,288;0
0;437,72,288;2
0;437,144,288;1
0;437,144,288;2
0;437,144,288;3
0;437,216,288;1
0;438,0,288;2
0;438,0,288;3
0;438,72,288;1
0;438,72,288;3
0;438,144,288;2
0;438,144,288;0
0;438,144,288;1
0;438,216,288;2
0;439,0,288;0
0;439,0,288;1
0;439,0,288;3
0;439,72,288;1
0;439,144,288;2
0;439,216,288;2
0;440,0,288;0
0;440,0,288;1
1;440,0,8;440,1,8;3
0;440,72,288;2
0;440,72,288;1
0;440,144,288;0
0;440,216,288;2
0;440,216,288;3
0;441,0,288;1
0;441,0,288;3
0;441,72,288;0
0;441,72,288;2
0;441,144,288;1
0;441,144,288;2
0;441,216,288;1
0;442,0,288;3
0;442,0,288;0
0;442,0,288;2
0;442,72,288;2
0;442,144,288;0
0;442,144,288;1
0;442,216,288;0
0;442,216,288;1
0;442,216,288;3
0;443,0,288;2
0;443,72,288;1
0;443,144,288;0
0;443,144,288;2
0;443,144,288;3
0;443,216,288;3
0;443,216,288;1
1;444,0,8;444,1,8;1
0;444,0,288;2
0;444,72,288;3
0;444,144,288;0
0;444,144,288;2
0;444,216,288;2
0;445,0,288;0
0;445,0,288;1
0;445,0,288;3
0;445,72,288;0
0;445,72,288;2
0;445,144,288;2
0;445,216,288;1
0;446,0,288;2
0;446,0,288;0
0;446,0,288;3
0;446,72,288;1
0;446,72,288;2
0;446,144,288;1
0;446,144,288;3
0;446,216,288;2
0;447,0,288;0
0;447,0,288;1
0;447,0,288;3
0;447,72,288;1
0;447,144,288;0
0;447,144,288;2
0;447,144,288;3
0;447,216,288;0
0;447,216,288;2
0;448,0,288;1
1;448,0,8;448,1,8;2
0;448,72,288;1
0;448,144,288;0
0;448,144,288;2
0;448,144,288;3
0;448,216,288;1
0;448,216,288;2
0;449,0,288;1
0;449,72,288;3
0;449,144,288;2
0;449,144,288;1
0;449,144,288;0
0;449,216,288;1
0;449,216,288;2
0;450,0,288;0
1;450,0,8;450,1,8;3
0;450,72,288;0
0;450,144,288;1
0;450,144,288;2
0;450,144,288;3
0;450,216,288;0
0;450,216,288;2
0;451,0,288;1
0;451,72,288;2
0;451,144,288;0
0;451,144,288;1
0;451,144,288;3
0;451,216,288;1
1;452,0,8;452,1,8;0
0;452,0,288;2
0;452,0,288;3
0;452,72,288;1
0;452,72,288;2
0;452,144,288;3
0;452,216,288;2
0;452,216,288;0
0;453,0,288;1
0;453,0,288;3
0;453,0,288;2
0;453,72,288;1
0;453,144,288;2
0;453,144,288;3
0;453,216,288;2
0;454,0,8;0
1;454,0,4;454,1,8;1
0;454,0,8;3
0;454,2,8;2
0;454,2,4;0
0;454,2,4;3
0;454,3,4;1
0;454,3,4;3
0;455,0,4;0
0;455,0,4;1
0;455,0,4;2
0;455,1,4;2
0;455,4,8;3
0;455,6,8;2
0;456,0,288;0
0;456,0,288;1
1;456,0,288;456,36,288;3
0;456,72,288;2
0;456,72,288;1
0;456,144,288;0
0;456,216,288;2
0;456,216,288;3
0;457,0,288;1
0;457,0,288;3
0;457,72,288;0
0;457,72,288;2
0;457,144,288;1
0;457,144,288;2
0;457,216,288;1
0;458,0,288;3
0;458,0,288;2
0;458,0,288;0
0;458,72,288;2
0;458,144,288;0
0;458,144,288;1
0;458,216,288;0
0;458,216,288;1
0;458,216,288;3
0;459,0,288;2
0;459,72,288;1
0;459,144,288;0
0;459,144,288;2
0;459,144,288;3
0;459,216,288;3
0;459,216,288;1
1;460,0,288;460,36,288;1
0;460,0,288;2
0;460,72,288;3
0;460,144,288;2
0;460,144,288;0
0;460,216,288;2
0;461,0,288;0
0;461,0,288;1
0;461,0,288;3
0;461,72,288;0
0;461,72,288;2
0;461,144,288;2
0;461,216,288;1
0;462,0,288;3
0;462,0,288;2
0;462,0,288;0
0;462,72,288;1
0;462,72,288;2
0;462,144,288;1
0;462,144,288;3
0;462,216,288;2
0;463,0,288;0
0;463,0,288;1
0;463,0,288;3
0;463,72,288;1
0;463,144,288;3
0;463,144,288;2
0;463,144,288;0
0;463,216,288;0
0;463,216,288;2
0;464,0,288;1
1;464,0,288;464,36,288;2
0;464,72,288;1
0;464,144,288;0
0;464,144,288;2
0;464,144,288;3
0;464,216,288;1
0;464,216,288;2
0;465,0,288;1
0;465,72,288;3
0;465,144,288;0
0;465,144,288;1
0;465,144,288;2
0;465,216,288;1
0;465,216,288;2
0;466,0,288;0
1;466,0,288;466,36,288;3
0;466,72,288;0
0;466,144,288;1
0;466,144,288;2
0;466,144,288;3
0;466,216,288;0
0;466,216,288;2
0;467,0,288;1
0;467,72,288;2
0;467,144,288;0
0;467,144,288;1
0;467,144,288;3
0;467,216,288;1
1;468,0,288;468,36,288;0
0;468,0,288;2
0;468,0,288;3
0;468,72,288;1
0;468,72,288;2
0;468,144,288;3
0;468,216,288;2
0;468,216,288;0
0;469,0,288;1
0;469,0,288;2
0;469,0,288;3
0;469,72,288;1
0;469,144,288;2
0;469,144,288;3
0;469,216,288;2
0;470,0,288;0
1;470,0,288;470,36,288;1
0;470,0,288;3
0;470,72,288;2
0;470,144,288;0
0;470,144,288;3
0;470,216,288;3
0;471,0,288;0
0;471,0,288;1
0;471,0,288;2
0;471,72,288;2
0;471,144,288;3
0;471,216,288;2
0;472,0,8;0
0;472,0,8;1
0;472,0,8;3
0;472,1,4;1
0;472,2,4;2
0;472,2,4;3
0;472,3,4;1
0;472,3,4;3
0;473,0,4;0
0;473,0,4;1
0;473,0,4;2
0;473,1,4;2
0;473,2,4;0
0;473,2,4;3
0;473,3,4;1
0;474,0,4;0
0;474,0,4;3
0;474,0,4;2
0;474,1,4;1
0;474,1,4;3
0;474,2,4;2
0;474,3,4;2
0;474,3,4;1
0;475,0,4;1
0;475,0,4;3
0;475,0,4;0
0;475,1,4;2
0;475,2,4;1
0;475,2,4;3
0;475,3,4;1
0;476,0,4;0
0;476,0,4;2
0;476,0,4;3
0;476,1,4;2
0;476,2,4;0
0;476,2,4;1
0;476,3,4;1
0;477,0,4;0
0;477,0,4;2
0;477,0,4;3
0;477,1,4;1
0;477,2,4;0
0;477,2,4;3
0;477,3,4;2
0;478,0,4;3
0;478,0,4;0
0;478,0,4;1
0;478,1,4;1
0;478,1,4;2
0;478,2,4;2
0;478,3,4;0
0;478,3,4;1
0;479,0,4;0
0;479,0,4;2
0;479,0,4;3
0;479,1,4;1
0;479,2,4;0
0;479,2,4;3
0;479,3,4;3
0;480,0,4;0
0;480,0,4;1
0;480,0,4;2
0;480,1,4;1
0;480,1,4;3
0;480,2,4;2
0;480,3,4;0
0;480,3,4;1
0;481,0,4;0
0;481,0,4;2
0;481,0,4;3
0;481,1,4;1
0;481,1,4;3
0;481,2,4;2
0;481,3,4;1
0;482,0,4;0
0;482,0,4;2
0;482,0,4;3
0;482,1,4;2
0;482,2,4;1
0;482,2,4;3
0;482,3,4;0
0;482,3,4;2
0;483,0,4;1
0;483,0,4;2
0;483,0,4;3
0;483,1,4;0
0;483,1,4;3
0;483,2,4;1
0;483,2,4;2
0;483,3,4;1
0;484,0,4;0
0;484,0,4;2
0;484,0,4;3
0;484,1,4;1
0;484,1,4;3
0;484,2,4;2
0;484,3,4;0
0;484,3,4;3
0;485,0,4;0
0;485,0,4;1
0;485,0,4;2
0;485,1,4;1
0;485,1,4;3
0;485,2,4;0
0;485,3,4;2
0;485,3,4;3
0;486,0,4;0
0;486,0,4;1
0;486,0,4;3
0;486,1,4;1
0;486,2,4;0
0;486,2,4;2
0;486,2,4;3
0;486,3,4;3
0;487,0,4;0
0;487,0,4;1
0;487,0,4;2
0;487,1,4;1
0;487,2,4;0
0;487,2,4;3
0;487,3,4;2
0;488,0,288;1
0;488,0,288;0
0;488,0,288;3
0;488,72,288;1
0;488,144,288;3
0;488,144,288;0
0;488,216,288;1
0;488,216,288;3
0;489,0,288;0
0;489,0,288;1
0;489,0,288;2
0;489,72,288;2
0;489,144,288;0
0;489,144,288;1
0;489,216,288;3
0;490,0,288;0
0;490,0,288;2
0;490,0,288;1
0;490,72,288;1
0;490,72,288;3
0;490,144,288;0
0;490,216,288;1
0;490,216,288;3
0;491,0,288;0
0;491,0,288;2
0;491,0,288;3
0;491,72,288;2
0;491,144,288;3
0;491,144,288;1
0;491,216,288;1
0;492,0,288;0
0;492,0,288;2
0;492,0,288;3
0;492,72,288;2
0;492,144,288;0
0;492,144,288;3
0;492,216,288;0
0;493,0,288;3
0;493,0,288;2
0;493,0,288;1
0;493,72,288;0
0;493,144,288;2
0;493,144,288;3
0;493,216,288;1
0;494,0,288;0
0;494,0,288;2
0;494,0,288;3
0;494,72,288;1
0;494,72,288;2
0;494,144,288;1
0;494,216,288;3
0;494,216,288;0
0;495,0,288;1
0;495,0,288;3
0;495,0,288;2
0;495,72,288;1
0;495,144,288;0
0;495,144,288;3
0;495,216,288;3
0;496,0,288;0
0;496,0,288;1
0;496,0,288;2
0;496,72,288;1
0;496,72,288;3
0;496,144,288;2
0;496,216,288;0
0;496,216,288;1
0;497,0,288;0
0;497,0,288;2
0;497,0,288;3
0;497,72,288;1
0;497,72,288;3
0;497,144,288;2
0;497,216,288;1
0;498,0,288;3
0;498,0,288;0
0;498,0,288;2
0;498,72,288;2
0;498,144,288;1
0;498,144,288;3
0;498,216,288;0
0;498,216,288;2
0;499,0,288;1
0;499,0,288;2
0;499,0,288;3
0;499,72,288;0
0;499,72,288;3
0;499,144,288;2
0;499,144,288;1
0;499,216,288;1
0;500,0,4;0
0;500,0,4;2
0;500,0,4;3
0;500,3,4;1
0;500,3,4;2
0;501,1,4;1
0;501,1,4;3
0;501,2,4;1
0;501,2,4;2
0;502,0,4;1
0;502,0,4;2
0;502,0,4;3
