bpm,119.99876907366512,"beat":[0,0,1]
offset,313
0;2,0,4;3
0;2,0,4;0
0;3,0,4;2
0;3,0,4;1
0;3,2,4;2
0;3,2,4;1
0;4,0,4;3
0;4,0,4;0
0;4,2,4;1
0;5,0,4;2
0;5,2,4;3
0;6,0,4;2
0;6,2,4;2
0;6,2,4;1
0;7,0,4;0
0;7,0,4;3
0;7,2,4;1
0;8,0,4;2
0;8,2,4;2
0;8,2,4;3
0;9,0,4;1
0;9,2,4;2
0;10,0,4;0
0;10,0,4;3
0;10,2,4;2
0;11,0,4;1
0;11,2,4;2
0;12,0,4;3
0;12,2,4;2
0;13,0,4;1
0;13,2,4;0
0;14,0,4;1
0;14,0,4;2
0;14,2,4;0
0;14,2,4;3
0;15,0,4;1
0;15,0,4;2
0;15,2,4;0
0;15,2,4;3
0;16,0,4;1
0;16,0,4;2
0;16,2,4;3
0;16,2,4;0
0;17,0,4;1
0;17,0,4;2
0;17,2,4;0
0;17,2,4;3
0;18,0,4;1
0;18,0,4;2
0;18,2,4;0
0;18,2,4;3
0;19,1,4;0
0;19,1,4;1
0;19,1,4;2
0;19,1,4;3
0;20,1,4;2
0;21,0,4;1
0;21,3,4;1
0;23,0,4;2
0;23,3,4;2
0;25,0,4;2
0;26,0,4;2
0;26,3,4;2
0;28,0,4;1
0;29,0,4;1
0;30,0,4;1
0;31,0,4;1
0;32,0,4;3
0;33,0,4;3
0;34,0,4;3
0;34,3,4;3
0;36,0,4;0
0;36,0,4;3
0;37,0,4;1
0;38,0,4;3
0;38,3,4;1
0;39,3,4;1
0;40,0,4;2
0;41,0,4;2
0;42,0,4;1
0;42,0,4;2
0;43,0,4;2
0;44,0,4;2
0;44,1,4;1
0;45,0,4;1
0;46,0,4;2
0;47,0,4;3
0;48,0,4;3
0;48,2,4;2
0;48,3,4;2
0;49,2,4;2
0;50,1,4;2
0;50,3,4;2
0;52,0,4;0
0;52,0,4;1
0;52,0,4;2
0;52,0,4;3
0;52,3,4;0
0;52,3,4;1
0;52,3,4;2
0;52,3,4;3
0;53,2,4;0
0;53,2,4;1
0;53,2,4;2
0;53,2,4;3
0;54,2,4;1
0;54,2,4;2
0;55,1,4;0
0;55,1,4;3
0;55,2,4;0
0;55,2,4;3
0;55,3,4;0
0;55,3,4;3
0;56,1,4;0
0;56,1,4;3
0;56,2,4;0
0;56,2,4;3
0;56,3,4;0
0;56,3,4;3
0;57,0,4;1
0;57,0,4;2
0;58,0,4;1
0;58,0,4;2
0;59,0,4;2
0;59,0,4;1
0;59,1,4;0
0;59,1,4;3
0;59,2,4;0
0;59,2,4;3
0;59,3,4;0
0;59,3,4;1
0;59,3,4;2
0;59,3,4;3
0;60,1,4;1
0;60,1,4;2
0;60,3,4;1
0;60,3,4;2
0;61,1,4;1
0;61,1,4;2
0;62,0,4;2
0;62,0,4;1
0;63,0,4;1
0;63,0,4;2
0;64,0,4;1
0;64,0,4;2
0;65,0,4;1
0;65,0,4;2
0;65,2,4;0
0;65,2,4;3
0;66,0,4;1
0;66,0,4;2
0;66,1,4;1
0;66,1,4;2
0;66,2,4;1
0;66,2,4;2
0;66,3,4;1
0;66,3,4;2
0;67,0,4;1
0;67,0,4;2
0;68,0,4;3
0;68,0,4;0
0;69,0,4;1
0;69,0,4;2
0;70,0,4;1
0;70,0,4;2
0;71,0,4;1
0;71,0,4;2
0;72,0,4;0
0;72,2,4;1
0;73,0,4;2
0;73,2,4;3
0;74,0,4;2
0;74,2,4;1
0;75,0,4;0
0;75,2,4;1
0;76,0,4;2
0;76,2,4;3
0;77,0,4;2
0;77,2,4;1
0;78,0,4;0
0;78,2,4;1
0;79,0,4;2
0;79,2,4;3
0;80,0,4;2
0;80,2,4;1
0;81,0,4;0
0;81,2,4;1
0;82,0,4;2
0;82,2,4;3
0;83,0,4;3
0;83,0,4;2
0;83,0,4;0
0;83,0,4;1
0;84,0,4;1
0;84,0,4;2
0;84,2,4;0
0;84,2,4;3
0;85,0,4;1
0;85,0,4;2
0;85,2,4;0
0;85,2,4;3
0;86,0,4;1
0;86,0,4;2
0;86,2,4;0
0;86,2,4;3
0;87,0,4;1
0;87,0,4;2
0;87,2,4;0
0;87,2,4;3
0;88,0,4;1
0;88,0,4;2
0;88,2,4;0
0;88,2,4;3
0;89,0,4;1
0;89,0,4;2
0;89,2,4;0
0;89,2,4;3
0;90,0,4;1
0;90,2,4;2
0;91,0,4;3
0;91,2,4;2
0;92,0,4;1
0;92,2,4;0
0;93,0,4;1
0;93,2,4;3
0;94,0,4;0
0;94,2,4;2
0;95,0,4;3
0;95,2,4;1
0;95,2,4;2
0;95,3,4;0
0;95,3,4;3
0;96,0,4;1
0;96,0,4;2
0;96,1,4;0
0;96,1,4;3
0;96,2,4;1
0;96,2,4;2
0;96,3,4;0
0;96,3,4;3
0;97,0,4;2
0;97,0,4;1
0;97,1,4;0
0;97,1,4;3
0;98,0,4;0
0;98,0,4;1
0;98,0,4;2
0;98,0,4;3
0;99,0,4;0
0;99,0,4;1
0;99,0,4;2
0;99,0,4;3
0;100,0,4;1
0;100,0,4;2
0;100,2,4;0
0;100,2,4;3
0;101,0,4;1
0;101,0,4;2
0;101,2,4;0
0;101,2,4;3
0;102,0,4;1
0;102,0,4;2
0;102,2,4;0
0;102,2,4;3
0;103,0,4;1
0;103,0,4;2
0;103,2,4;0
0;103,2,4;3
0;104,0,4;1
0;104,0,4;2
0;104,2,4;0
0;104,2,4;3
0;105,0,4;1
0;105,0,4;2
0;105,2,4;0
0;105,2,4;3
0;106,0,4;1
0;106,2,4;2
0;107,0,4;0
0;107,0,4;3
0;107,2,4;1
0;108,0,4;2
0;108,2,4;0
0;108,2,4;3
0;109,0,4;0
0;109,0,4;1
0;109,0,4;2
0;109,0,4;3
0;110,0,4;0
0;110,0,4;1
0;110,0,4;2
0;110,0,4;3
0;111,0,4;2
0;111,0,4;3
0;111,0,4;1
0;111,0,4;0
0;112,0,4;0
0;112,0,4;1
0;112,0,4;2
0;112,0,4;3
0;112,1,4;0
0;112,1,4;1
0;112,1,4;2
0;112,1,4;3
0;112,2,4;0
0;112,2,4;1
0;112,2,4;2
0;112,2,4;3
0;112,3,4;3
0;112,3,4;2
0;112,3,4;0
0;112,3,4;1
0;113,0,4;0
0;113,0,4;1
0;113,0,4;2
0;113,0,4;3
0;113,1,4;0
0;113,1,4;1
0;113,1,4;2
0;113,1,4;3
0;113,2,4;0
0;113,2,4;1
0;113,2,4;2
0;113,2,4;3
0;113,3,4;2
0;113,3,4;3
0;113,3,4;0
0;113,3,4;1
0;114,0,4;0
0;114,0,4;1
0;114,0,4;2
0;114,0,4;3
0;116,0,4;1
0;116,0,4;2
0;116,2,4;3
0;116,3,4;1
0;117,2,4;0
0;117,2,4;3
0;117,3,4;0
0;117,3,4;3
0;118,2,4;0
0;118,2,4;3
0;118,3,4;3
0;118,3,4;0
0;119,0,4;0
0;119,0,4;3
0;120,0,4;0
0;120,0,4;3
0;120,2,4;1
0;120,2,4;2
0;121,0,4;0
0;121,0,4;3
0;121,2,4;1
0;121,2,4;2
0;121,3,4;1
0;121,3,4;2
0;122,0,4;1
0;122,0,4;2
0;122,1,4;1
0;122,1,4;2
0;122,2,4;2
0;122,2,4;1
0;122,3,4;1
0;122,3,4;2
0;123,0,4;1
0;123,0,4;2
0;124,0,4;1
0;124,0,4;2
0;125,0,4;0
0;125,0,4;3
0;126,0,4;1
0;126,0,4;2
0;127,0,4;0
0;127,0,4;3
0;127,2,4;1
0;127,2,4;2
0;128,0,4;0
0;128,0,4;3
0;128,2,4;1
0;128,2,4;2
0;129,0,4;0
0;129,0,4;3
0;129,2,4;1
0;129,2,4;2
0;131,0,4;0
0;131,0,4;1
0;131,0,4;2
0;131,0,4;3
0;131,1,4;0
0;131,1,4;1
0;131,1,4;2
0;131,1,4;3
0;132,0,4;1
0;132,2,4;2
0;133,0,4;3
0;133,2,4;2
0;134,0,4;1
0;134,2,4;0
0;135,0,4;2
0;135,2,4;0
0;135,2,4;3
0;136,0,4;1
0;136,0,4;2
0;136,2,4;0
0;136,2,4;3
0;137,0,4;1
0;137,0,4;2
0;137,2,4;0
0;137,2,4;3
0;138,0,4;1
0;138,0,4;2
0;138,2,4;0
0;138,2,4;1
0;138,2,4;2
0;138,2,4;3
0;139,0,4;0
0;139,0,4;1
0;139,0,4;2
0;139,0,4;3
0;139,2,4;1
0;139,2,4;2
0;140,0,4;0
0;140,0,4;3
0;140,2,4;1
0;140,2,4;2
0;141,0,4;3
0;141,0,4;0
0;141,2,4;1
0;141,2,4;2
0;142,0,4;0
0;142,0,4;1
0;142,0,4;2
0;142,0,4;3
0;142,1,4;1
0;142,1,4;3
0;142,1,4;2
0;142,1,4;0
0;143,0,4;0
0;143,0,4;1
0;143,0,4;2
0;143,0,4;3
0;144,0,4;3
0;144,0,4;2
0;144,0,4;1
0;144,0,4;0
0;144,1,4;1
0;144,1,4;0
0;144,1,4;3
0;144,1,4;2
0;144,2,4;0
0;144,2,4;1
0;144,2,4;2
0;144,2,4;3
0;144,3,4;0
0;144,3,4;1
0;144,3,4;2
0;144,3,4;3
0;146,0,4;1
0;146,0,4;2
0;147,0,4;1
0;147,0,4;2
0;148,0,4;1
0;148,2,4;2
0;149,0,4;3
0;149,2,4;2
0;150,0,4;0
0;150,0,4;1
0;150,0,4;2
0;150,0,4;3
0;150,2,4;2
0;151,0,4;3
0;151,2,4;2
0;152,0,4;0
0;152,2,4;1
0;153,0,4;2
0;153,2,4;3
0;154,0,4;3
0;154,3,4;3
0;154,3,4;0
0;154,3,4;1
0;154,3,4;2
0;156,0,4;1
0;156,0,4;2
0;156,0,4;3
0;156,0,4;0
0;157,0,4;0
0;157,0,4;1
0;157,0,4;2
0;157,0,4;3
0;158,0,4;0
0;158,0,4;1
0;158,0,4;2
0;158,0,4;3
0;159,0,4;3
0;159,0,4;2
0;159,0,4;0
0;159,0,4;1
0;160,0,4;0
0;160,0,4;1
0;160,0,4;2
0;160,0,4;3
0;161,0,4;2
0;161,0,4;3
0;161,0,4;1
0;161,0,4;0
0;162,0,4;0
0;162,0,4;1
0;162,0,4;2
0;162,0,4;3
0;163,0,4;1
0;163,0,4;2
0;164,0,4;1
0;164,0,4;2
0;164,1,4;1
0;164,1,4;2
0;164,2,4;1
0;164,2,4;2
0;164,3,4;1
0;164,3,4;2
0;165,0,4;1
0;165,0,4;2
0;166,0,4;0
0;166,0,4;3
0;166,1,4;0
0;166,1,4;3
0;166,2,4;0
0;166,2,4;3
0;166,3,4;3
0;166,3,4;0
0;167,0,4;0
0;167,0,4;3
0;168,0,4;1
0;168,0,4;2
0;168,1,4;1
0;168,1,4;2
0;168,2,4;1
0;168,2,4;2
0;168,3,4;1
0;168,3,4;2
0;169,0,4;1
0;169,0,4;2
0;170,0,4;0
0;170,0,4;3
0;170,1,4;3
0;170,1,4;0
0;170,2,4;0
0;170,2,4;3
0;170,3,4;0
0;170,3,4;3
0;171,0,4;0
0;171,0,4;3
0;172,0,4;1
0;172,0,4;2
0;172,1,4;1
0;172,1,4;2
0;172,2,4;1
0;172,2,4;2
0;172,3,4;1
0;172,3,4;2
0;173,0,4;1
0;173,0,4;2
0;174,0,4;0
0;174,0,4;3
0;174,1,4;0
0;174,1,4;3
0;174,2,4;0
0;174,2,4;3
0;174,3,4;0
0;174,3,4;3
0;175,0,4;0
0;175,0,4;3
0;176,0,4;1
0;176,0,4;2
0;176,2,4;0
0;176,2,4;3
0;177,0,4;1
0;177,0,4;2
0;177,2,4;0
0;177,2,4;3
0;178,0,4;3
0;178,0,4;2
0;178,0,4;0
0;178,0,4;1
0;179,0,4;0
0;179,0,4;1
0;179,0,4;2
0;179,0,4;3
0;180,0,4;1
0;181,0,4;2
0;182,0,4;3
0;183,0,4;2
0;184,0,4;1
0;185,0,4;0
0;186,0,4;1
0;187,0,4;2
0;188,0,4;3
0;189,0,4;2
0;190,0,4;1
0;191,0,4;0
0;192,0,4;1
0;193,0,4;2
0;194,0,4;3
0;195,0,4;0
0;195,0,4;1
0;195,0,4;2
0;195,0,4;3
0;196,0,4;2
0;197,0,4;1
0;198,0,4;0
0;199,0,4;1
0;200,0,4;2
0;201,0,4;3
0;202,0,4;2
0;203,0,4;1
0;204,0,4;0
0;205,0,4;1
0;206,0,4;2
0;207,0,4;3
0;208,1,4;2
0;209,0,4;1
0;210,0,4;0
0;211,0,4;0
0;211,0,4;1
0;211,0,4;2
0;211,0,4;3
0;212,0,4;1
0;212,0,4;2
0;213,0,4;1
0;213,0,4;2
0;214,0,4;1
0;214,0,4;2
0;215,0,4;2
0;215,0,4;1
0;216,0,4;0
0;216,0,4;1
0;216,0,4;2
0;216,0,4;3
0;217,0,4;1
0;217,0,4;2
0;218,0,4;1
0;218,0,4;2
0;219,0,4;1
0;219,0,4;2
0;220,0,4;1
0;220,0,4;2
0;221,0,4;1
0;221,0,4;2
0;222,0,4;1
0;222,0,4;2
0;223,0,4;1
0;223,0,4;2
0;224,0,4;1
0;224,0,4;2
0;225,0,4;1
0;225,0,4;2
0;226,0,4;1
0;226,0,4;2
0;227,0,4;0
0;227,0,4;3
0;227,0,4;2
0;227,0,4;1
0;228,0,4;1
0;228,2,4;3
0;229,0,4;2
0;229,2,4;0
0;229,2,4;3
0;229,2,4;2
0;229,2,4;1
0;230,0,4;0
0;230,0,4;1
0;230,0,4;2
0;230,0,4;3
0;230,2,4;1
0;230,2,4;2
0;231,0,4;0
0;231,0,4;1
0;231,0,4;2
0;231,0,4;3
0;231,1,4;3
0;231,1,4;2
0;231,1,4;0
0;231,1,4;1
0;231,2,4;1
0;231,2,4;0
0;231,2,4;3
0;231,2,4;2
0;232,0,4;0
0;232,0,4;1
0;232,0,4;2
0;232,0,4;3
0;232,1,4;0
0;232,1,4;1
0;232,1,4;2
0;232,1,4;3
0;232,2,4;0
0;232,2,4;1
0;232,2,4;2
0;232,2,4;3
0;232,3,4;2
0;232,3,4;3
0;232,3,4;1
0;232,3,4;0
0;233,0,4;0
0;233,0,4;1
0;233,0,4;2
0;233,0,4;3
0;234,0,4;1
0;234,0,4;2
0;234,2,4;0
0;234,2,4;3
0;236,0,4;1
0;236,0,4;2
0;236,2,4;0
0;236,2,4;3
0;237,0,4;1
0;237,0,4;2
0;237,2,4;0
0;237,2,4;3
0;238,0,4;1
0;238,0,4;2
0;238,2,4;0
0;238,2,4;3
0;239,0,4;1
0;239,0,4;2
0;239,2,4;0
0;239,2,4;3
0;240,0,4;0
0;240,0,4;1
0;240,0,4;2
0;240,0,4;3
0;241,0,4;2
0;241,0,4;1
0;241,2,4;0
0;241,2,4;3
0;242,0,4;1
0;242,0,4;2
0;242,2,4;0
0;242,2,4;3
0;243,0,4;0
0;243,0,4;1
0;243,0,4;2
0;243,0,4;3
0;244,0,4;1
0;244,0,4;2
0;244,2,4;0
0;244,2,4;3
0;245,0,4;2
0;245,0,4;1
0;245,2,4;0
0;245,2,4;3
0;246,0,4;1
0;246,0,4;2
0;246,2,4;0
0;246,2,4;3
0;247,0,4;1
0;247,0,4;2
0;247,2,4;0
0;247,2,4;3
0;248,0,4;1
0;248,0,4;2
0;248,2,4;0
0;248,2,4;3
0;249,0,4;1
0;249,0,4;2
0;249,2,4;3
0;249,2,4;0
0;250,0,4;1
0;250,0,4;2
0;250,2,4;3
0;251,0,4;2
0;251,2,4;1
0;252,0,4;3
0;252,2,4;0
0;253,0,4;2
0;253,2,4;3
0;254,0,4;0
0;255,0,4;0
0;255,0,4;1
0;255,0,4;2
0;255,0,4;3
0;256,0,4;3
0;256,0,4;1
0;256,0,4;0
0;256,0,4;2
0;257,0,4;0
0;257,0,4;1
0;257,0,4;2
0;257,0,4;3
0;258,0,4;0
0;258,0,4;1
0;258,0,4;2
0;258,0,4;3
0;259,0,4;0
0;259,0,4;1
0;259,0,4;2
0;259,0,4;3
0;260,0,4;1
0;260,0,4;2
0;260,2,4;0
0;260,2,4;3
0;261,0,4;1
0;261,0,4;2
0;261,2,4;0
0;261,2,4;3
0;262,0,4;1
0;262,0,4;2
0;262,2,4;0
0;262,2,4;3
0;263,0,4;1
0;263,0,4;2
0;263,2,4;0
0;263,2,4;3
0;264,0,4;1
0;264,0,4;2
0;264,2,4;3
0;264,2,4;0
0;265,0,4;1
0;265,0,4;2
0;266,0,4;0
0;266,0,4;3
0;266,0,4;1
0;266,0,4;2
0;266,2,4;3
0;267,0,4;1
0;267,2,4;3
0;268,0,4;1
0;268,2,4;3
0;269,0,4;0
0;269,2,4;3
0;270,0,4;3
0;270,2,4;1
0;271,0,4;0
0;271,0,4;1
0;271,0,4;2
0;271,0,4;3
0;271,1,4;2
0;271,1,4;3
0;271,1,4;1
0;271,1,4;0
0;271,2,4;0
0;271,2,4;1
0;271,2,4;2
0;271,2,4;3
0;271,3,4;0
0;271,3,4;1
0;271,3,4;2
0;271,3,4;3
0;272,0,4;0
0;272,0,4;1
0;272,0,4;2
0;272,0,4;3
0;272,1,4;3
0;272,1,4;1
0;272,1,4;0
0;272,1,4;2
0;272,2,4;0
0;272,2,4;1
0;272,2,4;2
0;272,2,4;3
0;272,3,4;0
0;272,3,4;1
0;272,3,4;2
0;272,3,4;3
0;273,0,4;0
0;273,0,4;1
0;273,0,4;2
0;273,0,4;3
0;273,1,4;1
0;273,1,4;3
0;273,1,4;2
0;273,1,4;0
0;273,2,4;0
0;273,2,4;1
0;273,2,4;2
0;273,2,4;3
0;273,3,4;0
0;273,3,4;1
0;273,3,4;2
0;273,3,4;3
0;274,0,4;0
0;274,0,4;1
0;274,0,4;2
0;274,0,4;3
0;276,0,4;2
0;276,0,4;1
0;277,0,4;0
0;277,0,4;3
0;278,0,4;1
0;278,0,4;2
0;279,0,4;0
0;279,0,4;3
0;279,1,4;0
0;279,1,4;3
0;279,2,4;0
0;279,2,4;3
0;280,0,4;1
0;280,0,4;2
0;280,2,4;0
0;280,2,4;3
0;281,0,4;1
0;281,0,4;2
0;281,2,4;3
0;281,2,4;0
0;281,3,4;0
0;281,3,4;3
0;282,0,4;0
0;282,0,4;3
0;283,0,4;0
0;283,0,4;1
0;283,0,4;2
0;283,0,4;3
0;284,0,4;1
0;284,0,4;2
0;285,0,4;0
0;285,0,4;3
0;286,0,4;1
0;286,0,4;2
0;287,0,4;3
0;287,0,4;0
0;287,1,4;1
0;287,1,4;2
0;287,2,4;0
0;287,2,4;3
0;287,3,4;1
0;287,3,4;2
0;288,0,4;0
0;288,0,4;3
0;288,1,4;1
0;288,1,4;2
0;288,2,4;0
0;288,2,4;3
0;288,3,4;1
0;288,3,4;2
0;289,0,4;0
0;289,0,4;3
0;289,1,4;1
0;289,1,4;2
0;289,2,4;0
0;289,2,4;3
0;289,3,4;1
0;289,3,4;2
0;290,0,4;0
0;290,0,4;3
0;290,2,4;0
0;290,2,4;1
0;290,2,4;2
0;290,2,4;3
0;290,3,4;0
0;290,3,4;1
0;290,3,4;2
0;290,3,4;3
0;292,0,4;2
0;292,2,4;3
0;292,3,4;1
0;293,2,4;3
0;294,0,4;1
0;294,2,4;2
0;295,0,4;0
0;295,2,4;3
0;296,0,4;2
0;296,2,4;1
0;297,0,4;2
0;297,2,4;0
0;297,2,4;3
0;297,3,4;0
0;297,3,4;3
0;298,0,4;0
0;298,0,4;3
0;298,1,4;0
0;298,1,4;3
0;299,0,4;3
0;299,0,4;0
0;300,0,4;0
0;300,0,4;3
0;301,0,4;0
0;301,0,4;3
0;302,0,4;0
0;302,0,4;3
0;303,0,4;3
0;303,0,4;0
0;304,0,4;0
0;304,0,4;3
0;305,0,4;0
0;305,0,4;1
0;305,0,4;2
0;305,0,4;3
0;305,1,4;0
0;305,1,4;3
0;305,1,4;1
0;305,1,4;2
0;305,2,4;1
0;305,2,4;2
0;305,3,4;1
0;305,3,4;2
0;306,0,4;0
0;306,0,4;3
0;306,1,4;0
0;306,1,4;3
0;306,2,4;0
0;306,2,4;1
0;306,2,4;2
0;306,2,4;3
0;306,3,4;1
0;306,3,4;3
0;306,3,4;2
0;306,3,4;0
0;307,0,4;1
0;307,0,4;2
0;307,1,4;0
0;307,1,4;1
0;307,1,4;2
0;307,1,4;3
0;307,2,4;0
0;307,2,4;1
0;307,2,4;2
0;307,2,4;3
0;307,3,4;1
0;307,3,4;2
0;308,0,4;3
0;308,0,4;0
0;308,1,4;1
0;308,1,4;2
0;308,2,4;1
0;308,2,4;2
0;308,3,4;1
0;308,3,4;2
0;309,0,4;1
0;309,0,4;2
0;309,1,4;1
0;309,1,4;2
0;309,2,4;1
0;309,2,4;2
0;309,3,4;1
0;309,3,4;2
0;310,0,4;1
0;310,0,4;2
0;310,1,4;2
0;310,1,4;1
0;310,2,4;1
0;310,2,4;2
0;310,3,4;0
0;310,3,4;3
0;311,0,4;0
0;311,0,4;3
0;311,1,4;0
0;311,1,4;3
0;311,2,4;0
0;311,2,4;3
0;311,3,4;0
0;311,3,4;3
0;312,0,4;0
0;312,0,4;3
0;312,1,4;3
0;312,1,4;0
0;312,2,4;0
0;312,2,4;3
0;312,3,4;0
0;312,3,4;3
0;313,0,4;0
0;313,0,4;3
0;313,1,4;1
0;313,1,4;2
0;313,2,4;1
0;313,2,4;2
0;313,3,4;1
0;313,3,4;2
0;314,0,4;1
0;314,0,4;2
0;314,1,4;1
0;314,1,4;2
0;314,2,4;1
0;314,2,4;2
0;314,3,4;1
0;314,3,4;2
0;315,0,4;1
0;315,0,4;2
0;315,1,4;1
0;315,1,4;2
0;315,2,4;1
0;315,2,4;2
0;315,3,4;0
0;315,3,4;3
0;316,0,4;0
0;316,0,4;3
0;316,1,4;0
0;316,1,4;3
0;316,2,4;0
0;316,2,4;3
0;316,3,4;0
0;316,3,4;3
0;317,0,4;0
0;317,0,4;3
0;317,1,4;0
0;317,1,4;3
0;317,2,4;0
0;317,2,4;3
0;317,3,4;0
0;317,3,4;3
0;318,0,4;0
0;318,0,4;3
0;318,1,4;1
0;318,1,4;2
0;318,2,4;1
0;318,2,4;2
0;318,3,4;1
0;318,3,4;2
0;319,0,4;1
0;319,0,4;2
0;319,1,4;1
0;319,1,4;2
0;319,2,4;1
0;319,2,4;2
0;319,3,4;1
0;319,3,4;2
0;320,0,4;1
0;320,0,4;2
0;320,1,4;1
0;320,1,4;2
0;320,2,4;1
0;320,2,4;2
0;320,3,4;0
0;320,3,4;3
0;321,0,4;0
0;321,0,4;3
0;321,1,4;0
0;321,1,4;3
0;321,2,4;3
0;321,2,4;0
0;321,3,4;0
0;321,3,4;3
0;322,0,4;0
0;322,0,4;3
0;322,1,4;0
0;322,1,4;3
0;322,2,4;0
0;322,2,4;3
0;322,3,4;0
0;322,3,4;3
0;323,0,4;0
0;323,0,4;3
0;323,1,4;1
0;323,1,4;2
0;323,2,4;2
0;323,2,4;1
0;323,3,4;1
0;323,3,4;2
0;324,0,4;1
0;324,0,4;2
0;324,1,4;1
0;324,1,4;2
0;324,2,4;1
0;324,2,4;2
0;324,3,4;1
0;324,3,4;2
0;325,0,4;1
0;325,0,4;2
0;325,1,4;1
0;325,1,4;2
0;325,2,4;3
0;325,2,4;0
0;325,3,4;0
0;325,3,4;3
0;326,0,4;0
0;326,0,4;3
0;326,1,4;0
0;326,1,4;3
0;326,2,4;0
0;326,2,4;3
0;326,3,4;0
0;326,3,4;3
0;327,0,4;0
0;327,0,4;3
0;327,1,4;0
0;327,1,4;3
0;327,2,4;0
0;327,2,4;3
0;327,3,4;3
0;327,3,4;0
0;328,0,4;1
0;328,0,4;2
0;328,1,4;1
0;328,1,4;2
0;328,2,4;1
0;328,2,4;2
0;328,3,4;1
0;328,3,4;2
0;329,0,4;1
0;329,0,4;2
0;329,1,4;1
0;329,1,4;2
0;329,2,4;1
0;329,2,4;2
0;329,3,4;1
0;329,3,4;2
0;330,0,4;1
0;330,0,4;2
0;330,1,4;1
0;330,1,4;2
0;330,2,4;0
0;330,2,4;3
0;330,3,4;0
0;330,3,4;3
0;331,0,4;0
0;331,0,4;3
0;331,1,4;0
0;331,1,4;3
0;331,2,4;0
0;331,2,4;3
0;331,3,4;3
0;331,3,4;0
0;332,0,4;0
0;332,0,4;3
0;332,1,4;0
0;332,1,4;3
0;332,2,4;0
0;332,2,4;3
0;332,3,4;0
0;332,3,4;3
0;333,0,4;1
0;333,0,4;2
0;333,1,4;1
0;333,1,4;2
0;333,2,4;1
0;333,2,4;2
0;333,3,4;2
0;333,3,4;1
0;334,0,4;1
0;334,0,4;2
0;334,1,4;1
0;334,1,4;2
0;334,2,4;1
0;334,2,4;2
0;334,3,4;1
0;334,3,4;2
0;335,0,4;1
0;335,0,4;2
0;335,1,4;1
0;335,1,4;2
0;335,2,4;0
0;335,2,4;3
0;335,3,4;0
0;335,3,4;3
0;336,0,4;0
0;336,0,4;3
0;336,1,4;3
0;336,1,4;0
0;336,2,4;0
0;336,2,4;3
0;336,3,4;0
0;336,3,4;3
0;337,0,4;0
0;337,0,4;3
0;337,1,4;0
0;337,1,4;3
0;337,2,4;0
0;337,2,4;3
0;337,3,4;0
0;337,3,4;3
0;338,0,4;1
0;338,0,4;2
0;338,1,4;1
0;338,1,4;2
0;338,2,4;1
0;338,2,4;2
0;338,3,4;1
0;338,3,4;2
0;339,0,4;1
0;339,0,4;2
0;339,1,4;1
0;339,1,4;2
0;339,2,4;1
0;339,2,4;2
0;339,3,4;1
0;339,3,4;2
0;340,0,4;1
0;340,0,4;2
0;340,1,4;2
0;340,1,4;1
0;340,2,4;0
0;340,2,4;3
0;340,3,4;0
0;340,3,4;3
0;341,0,4;0
0;341,0,4;3
0;341,1,4;0
0;341,1,4;3
0;341,2,4;0
0;341,2,4;3
0;341,3,4;0
0;341,3,4;3
0;342,0,4;0
0;342,0,4;3
0;342,1,4;0
0;342,1,4;3
0;342,2,4;0
0;342,2,4;3
0;342,3,4;0
0;342,3,4;3
0;343,0,4;1
0;343,0,4;2
0;343,1,4;1
0;343,1,4;2
0;343,2,4;1
0;343,2,4;2
0;343,3,4;1
0;343,3,4;2
0;344,0,4;1
0;344,0,4;2
0;344,1,4;1
0;344,1,4;2
0;344,2,4;2
0;344,2,4;1
0;344,3,4;1
0;344,3,4;2
0;345,0,4;1
0;345,0,4;2
0;345,1,4;1
0;345,1,4;2
0;345,2,4;0
0;345,2,4;3
0;345,3,4;0
0;345,3,4;3
0;346,0,4;0
0;346,0,4;3
0;346,1,4;0
0;346,1,4;3
0;346,2,4;0
0;346,2,4;3
0;346,3,4;0
0;346,3,4;3
0;347,0,4;0
0;347,0,4;3
0;347,1,4;0
0;347,1,4;3
0;347,2,4;0
0;347,2,4;3
0;347,3,4;0
0;347,3,4;3
0;348,0,4;1
0;348,0,4;2
0;348,1,4;1
0;348,1,4;2
0;348,2,4;2
0;348,2,4;1
0;348,3,4;1
0;348,3,4;2
0;349,0,4;1
0;349,0,4;2
0;349,1,4;1
0;349,1,4;2
0;349,2,4;1
0;349,2,4;2
0;349,3,4;1
0;349,3,4;2
0;350,0,4;1
0;350,0,4;2
0;350,1,4;1
0;350,1,4;2
0;350,2,4;3
0;350,2,4;0
0;350,3,4;0
0;350,3,4;3
0;351,0,4;0
0;351,0,4;3
0;351,1,4;0
0;351,1,4;3
0;351,2,4;0
0;351,2,4;3
0;351,3,4;0
0;351,3,4;3
0;352,0,4;0
0;352,0,4;3
0;352,1,4;0
0;352,1,4;3
0;352,2,4;0
0;352,2,4;3
0;352,3,4;0
0;352,3,4;3
0;353,0,4;1
0;353,0,4;2
0;353,1,4;2
0;353,1,4;1
0;353,2,4;1
0;353,2,4;2
0;353,3,4;1
0;353,3,4;2
0;354,0,4;1
0;354,0,4;2
0;354,1,4;1
0;354,1,4;2
0;354,2,4;1
0;354,2,4;2
0;354,3,4;1
0;354,3,4;2
0;355,0,4;1
0;355,0,4;2
0;355,1,4;1
0;355,1,4;2
0;355,2,4;0
0;355,2,4;3
0;355,3,4;0
0;355,3,4;3
0;356,0,4;0
0;356,0,4;3
0;356,1,4;0
0;356,1,4;3
0;356,2,4;0
0;356,2,4;3
0;356,3,4;0
0;356,3,4;3
0;357,0,4;0
0;357,0,4;3
0;357,1,4;3
0;357,1,4;0
0;357,2,4;0
0;357,2,4;3
0;357,3,4;0
0;357,3,4;3
0;358,0,4;1
0;358,0,4;2
0;358,1,4;1
0;358,1,4;2
0;358,2,4;1
0;358,2,4;2
0;358,3,4;1
0;358,3,4;2
0;359,0,4;1
0;359,0,4;2
0;359,1,4;1
0;359,1,4;2
0;359,2,4;1
0;359,2,4;2
0;359,3,4;1
0;359,3,4;2
0;360,0,4;1
0;360,0,4;2
0;360,1,4;1
0;360,1,4;2
0;360,2,4;0
0;360,2,4;3
0;360,3,4;0
0;360,3,4;3
0;361,0,4;0
0;361,0,4;3
0;361,1,4;0
0;361,1,4;3
0;361,2,4;3
0;361,2,4;0
0;361,3,4;0
0;361,3,4;3
0;362,0,4;0
0;362,0,4;3
0;362,1,4;0
0;362,1,4;3
0;362,2,4;0
0;362,2,4;3
0;362,3,4;0
0;362,3,4;3
0;363,0,4;1
0;363,0,4;2
0;363,1,4;1
0;363,1,4;2
0;363,2,4;1
0;363,2,4;2
0;363,3,4;1
0;363,3,4;2
0;364,0,4;1
0;364,0,4;2
0;364,1,4;1
0;364,1,4;2
0;364,2,4;1
0;364,2,4;2
0;364,3,4;1
0;364,3,4;2
0;365,0,4;1
0;365,0,4;2
0;365,1,4;1
0;365,1,4;2
0;365,2,4;3
0;365,2,4;0
0;365,3,4;0
0;365,3,4;3
0;366,0,4;0
0;366,0,4;3
0;366,1,4;0
0;366,1,4;3
0;366,2,4;0
0;366,2,4;3
0;366,3,4;0
0;366,3,4;3
0;367,0,4;0
0;367,0,4;3
0;367,1,4;0
0;367,1,4;3
0;367,2,4;0
0;367,2,4;3
0;367,3,4;0
0;367,3,4;3
0;368,0,4;1
0;368,0,4;2
0;368,1,4;1
0;368,1,4;2
0;368,2,4;1
0;368,2,4;2
0;368,3,4;1
0;368,3,4;2
0;369,0,4;1
0;369,0,4;2
0;369,1,4;1
0;369,1,4;2
0;369,2,4;1
0;369,2,4;2
0;369,3,4;1
0;369,3,4;2
0;370,0,4;1
0;370,0,4;2
0;370,1,4;1
0;370,1,4;2
0;371,0,4;0
0;371,0,4;1
0;371,0,4;2
0;371,0,4;3
0;371,1,4;1
0;371,1,4;3
0;371,1,4;2
0;371,1,4;0
0;371,2,4;0
0;371,2,4;1
0;371,2,4;2
0;371,2,4;3
0;371,3,4;0
0;371,3,4;3
0;371,3,4;1
0;371,3,4;2
0;372,0,4;0
0;372,0,4;1
0;372,0,4;2
0;372,0,4;3
0;373,0,4;2
0;374,0,4;2
0;375,0,4;2
0;376,0,4;2
0;377,0,4;2
0;378,0,4;2
0;379,0,4;2
0;380,0,4;2
0;381,0,4;2
0;382,0,4;2
0;383,0,4;2
0;384,0,4;2
0;385,0,4;2
0;386,0,4;2
0;387,0,4;2
0;388,0,4;0
0;388,0,4;1
0;388,0,4;2
0;388,0,4;3
0;388,2,4;0
0;388,2,4;1
0;388,2,4;2
0;388,2,4;3
0;389,0,4;3
0;389,0,4;1
0;389,0,4;0
0;389,0,4;2
0;389,2,4;1
0;389,2,4;2
0;389,2,4;3
0;389,2,4;0
0;390,0,4;0
0;390,0,4;1
0;390,0,4;2
0;390,0,4;3
0;392,0,4;1
0;392,0,4;2
0;392,2,4;0
0;392,2,4;3
0;393,0,4;1
0;393,0,4;2
0;393,2,4;3
0;393,2,4;0
0;394,0,4;1
0;394,0,4;2
0;394,2,4;0
0;394,2,4;3
0;395,0,4;1
0;395,0,4;2
0;395,2,4;0
0;395,2,4;3
0;396,0,4;1
0;396,0,4;2
0;396,2,4;0
0;396,2,4;3
0;397,0,4;1
0;397,0,4;2
0;397,2,4;3
0;397,2,4;0
0;398,0,4;1
0;398,0,4;2
0;398,2,4;0
0;398,2,4;3
0;399,0,4;1
0;399,0,4;2
0;399,2,4;0
0;399,2,4;3
0;400,0,4;1
0;400,0,4;2
0;400,2,4;0
0;400,2,4;3
0;401,0,4;1
0;401,0,4;2
0;401,2,4;0
0;401,2,4;3
0;402,0,4;1
0;402,0,4;2
0;402,2,4;0
0;402,2,4;3
0;403,0,4;1
0;403,0,4;2
0;403,2,4;0
0;403,2,4;3
0;404,0,4;1
0;404,0,4;2
0;404,2,4;0
0;404,2,4;3
0;405,0,4;1
0;405,0,4;2
0;405,2,4;0
0;405,2,4;3
0;406,0,4;2
0;406,0,4;1
0;406,3,4;0
0;406,3,4;3
0;406,3,4;1
0;406,3,4;2
0;407,0,4;1
0;407,0,4;2
0;407,0,4;3
0;407,0,4;0
0;407,1,4;0
0;407,1,4;1
0;407,1,4;2
0;407,1,4;3
0;408,0,4;2
0;408,0,4;1
0;408,1,4;0
0;408,1,4;1
0;408,1,4;2
0;408,1,4;3
0;408,2,4;0
0;408,2,4;3
0;408,3,4;0
0;408,3,4;3
0;408,3,4;2
0;408,3,4;1
0;409,0,4;1
0;409,0,4;2
0;409,1,4;0
0;409,1,4;1
0;409,1,4;2
0;409,1,4;3
0;409,2,4;0
0;409,2,4;3
0;409,3,4;0
0;409,3,4;1
0;409,3,4;2
0;409,3,4;3
0;410,0,4;1
0;410,0,4;2
0;410,1,4;0
0;410,1,4;1
0;410,1,4;2
0;410,1,4;3
0;410,2,4;0
0;410,2,4;3
0;410,3,4;0
0;410,3,4;1
0;410,3,4;2
0;410,3,4;3
0;411,0,4;1
0;411,0,4;2
0;411,1,4;3
0;411,1,4;2
0;411,1,4;0
0;411,1,4;1
0;411,2,4;0
0;411,2,4;3
0;411,3,4;0
0;411,3,4;1
0;411,3,4;2
0;411,3,4;3
0;412,0,4;2
0;412,0,4;1
0;412,1,4;0
0;412,1,4;1
0;412,1,4;2
0;412,1,4;3
0;412,2,4;0
0;412,2,4;3
0;412,3,4;0
0;412,3,4;3
0;412,3,4;1
0;412,3,4;2
0;413,0,4;2
0;413,0,4;1
0;413,1,4;0
0;413,1,4;1
0;413,1,4;2
0;413,1,4;3
0;413,2,4;0
0;413,2,4;3
0;414,0,4;0
0;414,0,4;1
0;414,0,4;2
0;414,0,4;3
0;415,0,4;3
0;415,0,4;2
0;415,0,4;1
0;415,0,4;0
0;416,0,4;0
0;416,0,4;1
0;416,0,4;2
0;416,0,4;3
0;416,1,4;1
0;416,1,4;2
0;416,2,4;0
0;416,2,4;1
0;416,2,4;2
0;416,2,4;3
0;416,3,4;0
0;416,3,4;3
0;417,0,4;3
0;417,0,4;2
0;417,0,4;0
0;417,0,4;1
0;417,1,4;1
0;417,1,4;2
0;417,2,4;0
0;417,2,4;1
0;417,2,4;2
0;417,2,4;3
0;417,3,4;3
0;417,3,4;0
0;418,0,4;0
0;418,0,4;1
0;418,0,4;2
0;418,0,4;3
0;418,1,4;1
0;418,1,4;2
0;418,2,4;0
0;418,2,4;3
0;418,2,4;2
0;418,2,4;1
0;418,3,4;0
0;418,3,4;3
0;419,0,4;0
0;419,0,4;1
0;419,0,4;2
0;419,0,4;3
0;419,1,4;1
0;419,1,4;2
0;419,2,4;0
0;419,2,4;1
0;419,2,4;2
0;419,2,4;3
0;419,3,4;2
0;419,3,4;1
0;420,0,4;0
0;420,0,4;1
0;420,0,4;2
0;420,0,4;3
0;420,1,4;0
0;420,1,4;3
0;420,2,4;0
0;420,2,4;1
0;420,2,4;2
0;420,2,4;3
0;420,3,4;1
0;420,3,4;2
0;421,0,4;3
0;421,0,4;2
0;421,0,4;1
0;421,0,4;0
0;422,0,4;0
0;422,0,4;1
0;422,0,4;2
0;422,0,4;3
0;423,0,4;0
0;423,0,4;1
0;423,0,4;2
0;423,0,4;3
0;424,0,4;0
0;424,0,4;1
0;424,0,4;2
0;424,0,4;3
0;424,1,4;1
0;424,1,4;2
0;424,2,4;2
0;424,2,4;3
0;424,2,4;1
0;424,2,4;0
0;424,3,4;3
0;424,3,4;0
0;425,0,4;0
0;425,0,4;1
0;425,0,4;2
0;425,0,4;3
0;425,1,4;1
0;425,1,4;2
0;425,2,4;0
0;425,2,4;1
0;425,2,4;2
0;425,2,4;3
0;425,3,4;0
0;425,3,4;3
0;426,0,4;2
0;426,0,4;3
0;426,0,4;0
0;426,0,4;1
0;426,1,4;1
0;426,1,4;2
0;426,2,4;0
0;426,2,4;1
0;426,2,4;2
0;426,2,4;3
0;426,3,4;0
0;426,3,4;3
0;427,0,4;0
0;427,0,4;1
0;427,0,4;2
0;427,0,4;3
0;427,1,4;1
0;427,1,4;2
0;427,2,4;3
0;427,2,4;1
0;427,2,4;2
0;427,2,4;0
0;427,3,4;3
0;427,3,4;0
0;428,0,4;0
0;428,0,4;1
0;428,0,4;2
0;428,0,4;3
0;428,1,4;1
0;428,1,4;2
0;428,2,4;0
0;428,2,4;1
0;428,2,4;2
0;428,2,4;3
0;428,3,4;0
0;428,3,4;3
0;429,0,4;3
0;429,0,4;2
0;429,0,4;1
0;429,0,4;0
0;429,1,4;1
0;429,1,4;2
0;429,2,4;0
0;429,2,4;1
0;429,2,4;2
0;429,2,4;3
0;429,3,4;0
0;429,3,4;3
0;430,0,4;0
0;430,0,4;1
0;430,0,4;2
0;430,0,4;3
0;430,1,4;1
0;430,1,4;2
0;430,2,4;3
0;430,2,4;0
0;430,2,4;1
0;430,2,4;2
0;431,0,4;0
0;431,0,4;1
0;431,0,4;2
0;431,0,4;3
0;432,0,4;0
0;432,0,4;1
0;432,0,4;2
0;432,0,4;3
0;433,0,4;0
0;433,0,4;1
0;433,0,4;2
0;433,0,4;3
0;434,0,4;1
0;434,0,4;3
0;434,0,4;2
0;434,0,4;0
0;435,0,4;0
0;435,0,4;1
0;435,0,4;2
0;435,0,4;3
0;436,0,4;0
0;436,0,4;1
0;436,0,4;2
0;436,0,4;3
0;437,0,4;0
0;437,0,4;1
0;437,0,4;2
0;437,0,4;3
0;438,0,4;3
0;438,0,4;0
0;438,0,4;1
0;438,0,4;2
0;439,0,4;1
0;439,0,4;0
0;439,0,4;3
0;439,0,4;2
0;440,0,4;2
0;441,0,4;2
0;442,0,4;2
0;443,0,4;2
0;444,0,4;2
0;445,0,4;2
0;446,0,4;2
0;447,0,4;2
0;448,0,4;2
0;449,0,4;2
0;450,0,4;2
0;451,0,4;2
0;452,0,4;2
0;453,0,4;2
0;454,0,4;2
0;455,0,4;2
0;456,0,4;2
0;457,0,4;2
0;458,0,4;2
0;459,0,4;2
0;460,0,4;2
0;461,0,4;2
0;462,0,4;2
0;463,0,4;2
0;464,0,4;2
0;465,0,4;2
0;466,0,4;2
0;467,0,4;2
0;468,0,4;2
0;469,0,4;2
0;470,0,4;2
0;471,0,4;2
0;472,0,4;1
0;472,0,4;2
0;473,0,4;1
0;473,0,4;2
0;473,2,4;0
0;473,2,4;1
0;473,2,4;2
0;473,2,4;3
0;474,0,4;1
0;474,0,4;2
0;474,2,4;0
0;474,2,4;1
0;474,2,4;2
0;474,2,4;3
0;475,0,4;1
0;475,0,4;2
0;475,2,4;0
0;475,2,4;1
0;475,2,4;2
0;475,2,4;3
0;476,0,4;1
0;476,0,4;2
0;476,2,4;0
0;476,2,4;1
0;476,2,4;2
0;476,2,4;3
0;477,0,4;1
0;477,0,4;2
0;477,2,4;3
0;477,2,4;2
0;477,2,4;0
0;477,2,4;1
0;478,0,4;2
0;478,0,4;1
0;478,2,4;0
0;478,2,4;1
0;478,2,4;2
0;478,2,4;3
0;479,0,4;1
0;479,0,4;2
0;479,2,4;1
0;479,2,4;3
0;479,2,4;2
0;479,2,4;0
0;480,0,4;1
0;480,0,4;2
0;480,1,4;1
0;480,1,4;2
0;480,2,4;0
0;480,2,4;3
0;480,2,4;2
0;480,2,4;1
0;480,3,4;1
0;480,3,4;2
0;481,0,4;1
0;481,0,4;2
0;481,1,4;1
0;481,1,4;2
0;481,2,4;0
0;481,2,4;1
0;481,2,4;2
0;481,2,4;3
0;481,3,4;1
0;481,3,4;2
0;482,0,4;1
0;482,0,4;2
0;482,1,4;1
0;482,1,4;2
0;482,2,4;0
0;482,2,4;1
0;482,2,4;2
0;482,2,4;3
0;483,0,4;1
0;483,0,4;2
0;483,1,4;0
0;483,1,4;3
0;483,2,4;1
0;483,2,4;2
0;483,3,4;0
0;483,3,4;3
0;484,0,4;2
0;484,0,4;1
0;484,1,4;0
0;484,1,4;3
0;484,2,4;1
0;484,2,4;2
0;484,3,4;0
0;484,3,4;3
0;485,0,4;2
0;485,0,4;1
0;485,1,4;0
0;485,1,4;3
0;485,2,4;1
0;485,2,4;2
0;485,3,4;0
0;485,3,4;3
0;486,0,4;3
0;486,0,4;1
0;486,0,4;0
0;486,0,4;2
0;487,0,4;1
0;487,0,4;0
0;487,0,4;3
0;487,0,4;2
0;488,0,4;0
0;488,0,4;1
0;488,0,4;2
0;488,0,4;3
0;489,0,4;0
0;489,0,4;1
0;489,0,4;2
0;489,0,4;3
0;490,0,4;0
0;490,0,4;1
0;490,0,4;2
0;490,0,4;3
0;491,0,4;2
0;491,0,4;3
0;491,0,4;1
0;491,0,4;0
0;492,0,4;0
0;492,0,4;1
0;492,0,4;2
0;492,0,4;3
0;493,0,4;0
0;493,0,4;1
0;493,0,4;2
0;493,0,4;3
0;494,0,4;0
0;494,0,4;1
0;494,0,4;2
0;494,0,4;3
0;495,0,4;3
0;495,0,4;1
0;495,0,4;0
0;495,0,4;2
0;496,0,4;0
0;496,0,4;1
0;496,0,4;2
0;496,0,4;3
0;497,0,4;0
0;497,0,4;1
0;497,0,4;2
0;497,0,4;3
0;498,0,4;0
0;498,0,4;1
0;498,0,4;2
0;498,0,4;3
0;498,3,4;2
0;498,3,4;3
0;498,3,4;1
0;498,3,4;0
0;499,0,4;0
0;499,0,4;1
0;499,0,4;2
0;499,0,4;3
0;499,1,4;0
0;499,1,4;1
0;499,1,4;2
0;499,1,4;3
0;499,3,4;0
0;499,3,4;1
0;499,3,4;2
0;499,3,4;3
0;500,0,4;3
0;500,0,4;1
0;500,0,4;0
0;500,0,4;2
0;500,1,4;0
0;500,1,4;1
0;500,1,4;2
0;500,1,4;3
0;500,3,4;0
0;500,3,4;1
0;500,3,4;2
0;500,3,4;3
0;501,0,4;0
0;501,0,4;1
0;501,0,4;2
0;501,0,4;3
0;501,1,4;2
0;501,1,4;3
0;501,1,4;1
0;501,1,4;0
0;501,3,4;0
0;501,3,4;1
0;501,3,4;2
0;501,3,4;3
0;502,0,4;0
0;502,0,4;1
0;502,0,4;2
0;502,0,4;3
0;502,1,4;0
0;502,1,4;1
0;502,1,4;2
0;502,1,4;3
0;502,3,4;3
0;502,3,4;2
0;502,3,4;0
0;502,3,4;1
0;503,0,4;0
0;503,0,4;1
0;503,0,4;2
0;503,0,4;3
0;503,1,4;0
0;503,1,4;1
0;503,1,4;2
0;503,1,4;3
0;508,3,4;0
0;508,3,4;1
0;508,3,4;2
0;508,3,4;3
0;509,0,4;3
0;509,0,4;2
0;509,0,4;0
0;509,0,4;1
0;509,1,4;0
0;509,1,4;1
0;509,1,4;2
0;509,1,4;3
0;509,2,4;3
0;509,2,4;2
0;509,2,4;1
0;509,2,4;0
0;509,3,4;0
0;509,3,4;1
0;509,3,4;2
0;509,3,4;3
0;510,0,4;0
0;510,0,4;1
0;510,0,4;2
0;510,0,4;3
