bpm,166.0
offset,131
0;2,0,4;0
0;7,0,4;1
0;8,2,4;1
0;10,0,4;3
0;15,0,4;2
0;16,2,4;2
0;18,0,4;1
0;23,0,4;3
0;24,2,4;3
0;26,0,4;2
0;31,0,4;0
0;32,2,4;0
0;34,0,4;2
0;36,0,4;1
0;37,2,4;3
0;38,1,2;0
0;39,1,2;2
0;40,0,2;2
1;42,0,2;46,0,2;0
1;46,0,2;50,0,2;3
0;50,0,2;0
0;52,0,2;1
0;54,0,2;3
0;56,0,2;2
0;58,0,2;0
0;60,0,2;1
0;62,0,2;2
0;64,0,2;2
0;66,0,2;3
0;68,0,2;2
0;70,0,2;0
0;72,0,2;1
0;74,0,2;3
0;76,0,2;2
0;78,0,2;1
0;80,0,2;1
0;82,0,2;0
0;83,1,2;0
0;85,0,2;2
0;86,0,2;1
0;87,1,2;1
0;89,0,2;3
0;90,0,2;1
0;92,0,2;2
0;94,0,2;0
0;96,0,2;1
0;98,0,2;3
0;99,1,2;3
0;101,0,2;1
0;102,0,2;2
0;103,1,2;2
0;105,0,2;0
0;106,0,2;2
0;108,0,2;1
0;109,1,2;3
0;111,0,2;0
0;112,0,2;1
0;114,0,2;2
0;116,0,2;2
1;117,0,2;117,1,2;0
0;117,1,2;2
0;118,1,2;1
0;120,0,2;1
1;121,0,2;121,1,2;3
0;122,0,2;1
0;124,0,2;1
1;125,0,2;125,1,2;3
0;126,0,2;1
0;127,0,2;2
1;128,0,2;129,0,2;3
1;129,0,2;129,1,2;0
1;131,0,2;131,1,2;1
1;133,0,2;133,1,2;3
1;135,0,2;135,1,2;0
1;137,0,2;137,1,2;2
0;138,0,2;1
1;139,0,2;139,1,2;3
1;141,0,2;141,1,2;0
1;143,0,2;143,1,2;2
1;145,0,2;145,1,2;1
0;146,0,2;3
0;147,1,2;0
0;148,0,2;0
0;149,1,2;2
0;150,1,2;1
0;151,1,2;3
0;152,0,2;3
0;154,0,2;0
0;155,0,2;3
0;156,0,2;1
0;157,1,2;0
0;159,0,2;1
0;160,0,2;2
0;161,0,2;0
0;162,0,2;3
0;163,0,2;0
0;164,0,2;2
0;165,1,2;3
0;167,0,2;2
1;168,0,2;168,1,2;0
1;169,0,2;169,1,2;3
0;170,0,2;1
0;171,0,2;3
0;172,0,2;0
0;173,1,2;1
0;175,0,2;0
0;176,0,2;2
0;177,0,2;3
0;178,0,2;2
0;179,0,2;0
0;180,0,2;3
0;181,1,2;2
0;182,1,2;3
0;184,0,2;1
1;185,0,2;185,1,2;3
1;186,0,2;186,1,2;0
0;188,0,2;3
0;189,0,2;2
0;190,0,2;1
0;192,0,2;0
0;193,0,2;1
0;194,0,2;2
0;195,0,2;2
0;196,0,2;0
0;197,0,2;3
0;198,0,2;1
0;199,0,2;2
0;200,0,2;0
0;201,0,2;3
0;202,0,2;1
0;204,0,2;0
0;205,0,2;1
0;206,0,2;2
0;208,0,2;3
0;209,0,2;2
0;210,0,2;1
0;211,0,2;3
0;212,0,2;0
0;213,0,2;2
0;213,1,2;1
0;215,0,2;0
0;216,0,2;3
1;218,0,2;222,0,2;1
1;222,0,2;224,0,2;2
1;224,0,2;226,0,2;0
1;226,0,2;233,0,2;3
0;234,0,2;1
0;235,0,2;3
0;237,0,2;2
0;239,0,2;1
0;241,0,2;0
0;242,0,2;3
0;243,0,2;1
0;245,0,2;2
1;246,0,2;247,1,2;0
