bpm,166.0
offset,131
0;2,0,4;0
0;2,0,4;3
1;3,0,4;4,0,4;3
0;3,2,4;2
0;4,0,4;0
0;4,2,4;3
0;5,0,4;1
0;5,2,4;2
0;6,0,4;0
0;6,2,4;1
0;7,0,4;2
0;7,0,4;3
0;7,2,4;0
0;8,0,4;3
0;8,2,4;1
0;8,2,4;2
0;9,0,4;1
0;10,0,4;0
0;10,0,4;3
1;11,0,4;12,0,4;0
0;11,2,4;1
0;12,0,4;3
0;12,2,4;0
0;13,0,4;2
0;13,2,4;1
0;14,0,4;3
0;14,2,4;2
0;15,0,4;0
0;15,0,4;1
0;15,2,4;3
0;16,0,4;0
0;16,2,4;1
0;16,2,4;2
0;17,0,4;2
0;17,2,4;0
0;18,0,4;1
0;18,0,4;3
0;18,2,4;0
1;19,0,4;20,0,4;2
0;19,2,4;1
0;20,0,4;0
0;20,2,4;2
0;21,0,4;1
0;21,2,4;2
0;22,0,4;0
0;22,2,4;3
0;23,0,4;0
0;23,0,4;2
0;23,2,4;1
0;24,0,4;3
0;24,2,4;0
0;24,2,4;2
0;25,0,4;0
0;26,0,4;0
0;26,0,4;2
1;27,0,4;28,0,4;1
0;28,0,4;3
0;28,2,4;1
0;29,0,4;2
0;29,2,4;1
0;30,0,4;3
0;30,2,4;0
0;31,0,4;1
0;31,0,4;3
0;31,2,4;2
0;32,0,4;0
0;32,2,4;1
0;32,2,4;3
0;33,0,4;3
0;34,0,4;0
0;34,0,4;1
0;35,0,4;0
0;36,0,4;2
0;36,0,4;3
0;37,0,4;3
0;37,2,4;1
0;37,2,4;2
0;38,2,4;0
0;38,2,4;3
0;39,2,4;0
0;39,2,4;2
0;40,0,4;1
0;40,0,4;3
1;42,0,4;43,0,4;0
0;42,0,4;2
1;42,0,4;46,0,4;3
1;43,0,4;44,0,4;1
1;44,0,4;45,0,4;2
1;45,0,4;46,0,4;1
1;46,0,4;49,0,4;0
1;46,0,4;47,0,4;2
1;47,0,4;48,0,4;1
1;48,0,4;49,0,4;3
1;49,0,4;50,0,4;2
0;50,0,4;0
0;50,0,4;1
0;50,0,4;3
0;50,2,4;1
0;51,0,4;0
0;51,0,4;2
0;51,2,4;3
1;52,0,4;53,0,4;0
0;52,0,4;1
0;53,0,4;2
0;53,2,4;1
0;54,0,4;0
0;54,0,4;3
0;54,2,4;2
0;55,0,4;1
0;55,0,4;3
0;55,2,4;0
0;56,0,4;2
1;56,0,4;57,0,4;3
0;57,0,4;1
0;57,2,4;2
0;58,0,4;0
0;58,0,4;1
0;58,2,4;3
0;59,0,4;0
0;59,0,4;2
0;59,2,4;1
0;60,0,4;2
0;60,0,4;3
0;60,2,4;0
0;61,0,4;1
0;61,0,4;3
0;61,2,4;2
0;62,0,4;0
0;62,0,4;3
0;62,2,4;1
0;63,0,4;0
0;63,0,4;3
0;63,2,4;2
1;64,0,4;65,0,4;1
0;64,0,4;2
0;65,0,4;3
0;65,2,4;1
0;65,3,4;2
0;66,0,4;0
0;66,0,4;3
0;66,2,4;1
0;67,0,4;2
0;67,0,4;3
0;67,2,4;0
0;68,0,4;1
1;68,0,4;69,0,4;3
0;69,0,4;2
0;69,2,4;1
0;70,0,4;0
0;70,0,4;3
0;70,2,4;2
0;71,0,4;0
0;71,0,4;1
0;71,2,4;3
1;72,0,4;73,0,4;0
0;72,0,4;2
0;73,0,4;1
0;73,2,4;3
0;74,0,4;0
0;74,0,4;2
0;74,2,4;1
0;75,0,4;2
0;75,0,4;3
0;75,2,4;0
0;76,0,4;1
0;76,0,4;3
0;76,2,4;2
0;77,0,4;0
0;77,0,4;1
0;77,2,4;3
0;78,0,4;1
0;78,0,4;2
0;78,2,4;0
0;79,0,4;1
0;79,0,4;2
0;79,2,4;3
0;80,0,4;0
1;80,0,4;81,0,4;2
0;81,0,4;1
0;81,0,4;3
0;82,0,4;0
0;82,0,4;2
1;82,0,4;82,2,4;3
1;82,3,4;83,1,4;1
0;83,0,4;2
1;83,2,4;84,0,4;0
0;84,0,4;3
0;84,2,4;0
0;85,0,4;2
0;85,0,4;3
0;85,2,4;1
1;86,0,4;86,2,4;0
0;86,0,4;3
1;86,3,4;87,1,4;2
0;87,0,4;1
1;87,2,4;88,0,4;3
0;88,0,4;0
0;88,2,4;3
0;89,0,4;0
0;89,0,4;1
0;89,2,4;2
0;90,0,4;1
0;90,0,4;3
0;90,2,4;0
0;91,0,4;2
1;91,0,4;92,0,4;3
0;91,3,4;1
0;92,0,4;0
0;92,0,4;2
0;92,2,4;3
1;93,0,4;94,0,4;0
0;93,0,4;1
0;94,0,4;2
0;94,0,4;3
0;94,2,4;0
0;95,0,4;1
0;95,0,4;3
0;95,2,4;2
0;96,0,4;0
0;96,0,4;1
0;96,2,4;2
0;96,3,4;1
0;97,0,4;0
0;97,0,4;3
0;97,2,4;1
0;97,2,4;2
0;98,0,4;0
0;98,0,4;1
1;98,0,4;98,2,4;3
1;98,3,4;99,1,4;0
0;99,0,4;3
1;99,2,4;100,0,4;2
0;100,0,4;1
0;100,2,4;2
0;101,0,4;0
0;101,0,4;3
0;101,2,4;1
1;102,0,4;102,2,4;0
0;102,0,4;3
1;102,3,4;103,1,4;3
0;103,0,4;0
1;103,2,4;104,0,4;1
0;104,0,4;2
0;104,2,4;1
0;104,3,4;2
0;105,0,4;0
0;105,0,4;3
0;105,2,4;1
0;106,0,4;2
0;106,0,4;3
0;106,2,4;0
0;107,0,4;1
1;107,0,4;108,0,4;2
0;107,3,4;3
0;108,0,4;0
0;108,0,4;1
0;108,2,4;3
1;109,0,4;110,0,4;1
0;109,0,4;2
1;109,2,4;110,0,4;0
0;110,0,4;3
0;110,2,4;1
0;111,0,4;0
0;111,0,4;3
0;111,2,4;2
0;111,3,4;3
0;112,0,4;0
0;112,0,4;1
0;112,2,4;0
0;113,0,4;1
0;113,0,4;3
0;113,2,4;2
0;114,0,4;0
0;114,0,4;1
0;115,0,4;2
0;115,2,4;0
0;115,2,4;3
0;116,0,4;0
0;116,2,4;2
1;117,0,4;117,2,4;0
0;117,0,4;1
0;117,2,4;2
0;117,2,4;3
0;118,2,4;0
0;118,2,4;1
0;119,0,4;3
0;119,2,4;0
0;119,2,4;2
0;120,0,4;0
0;120,0,4;1
1;121,0,4;121,2,4;0
0;121,0,4;3
0;121,2,4;1
0;122,0,4;2
0;122,0,4;3
0;123,0,4;1
0;123,2,4;0
0;123,2,4;3
0;124,0,4;2
0;124,0,4;3
0;125,0,4;1
1;125,0,4;125,2,4;3
0;125,2,4;0
0;126,0,4;2
0;126,0,4;3
0;126,2,4;1
0;127,0,4;0
0;127,0,4;3
0;127,2,4;2
0;128,0,4;0
0;128,0,4;1
0;128,1,4;3
0;128,2,4;2
0;128,3,4;1
0;129,0,4;0
1;129,0,4;129,2,4;3
0;129,2,4;2
0;130,0,4;0
0;130,0,4;1
1;131,0,4;131,2,4;0
0;131,0,4;2
0;131,2,4;3
0;132,0,4;0
0;132,2,4;2
1;133,0,4;133,2,4;0
0;133,0,4;1
0;133,2,4;3
0;134,0,4;0
0;134,2,4;2
1;135,0,4;135,2,4;0
0;135,0,4;3
0;135,2,4;2
0;136,0,4;0
0;136,0,4;1
1;137,0,4;137,2,4;0
0;137,0,4;2
0;137,2,4;3
0;138,0,4;0
0;138,0,4;1
0;138,0,4;2
0;139,0,4;1
1;139,0,4;139,2,4;3
0;140,0,4;2
0;140,0,4;3
0;140,3,4;1
0;141,0,4;2
1;141,0,4;141,2,4;3
0;141,2,4;0
0;142,0,4;3
0;142,2,4;1
0;143,0,4;0
1;143,0,4;143,2,4;3
0;143,2,4;2
0;144,0,4;1
0;144,0,4;3
0;144,2,4;0
0;145,0,4;1
1;145,0,4;145,2,4;3
0;145,2,4;2
0;146,0,4;0
0;146,0,4;3
0;146,2,4;1
0;147,0,4;1
0;147,2,4;0
0;147,2,4;2
0;148,0,4;1
0;148,0,4;3
0;148,2,4;2
0;148,3,4;1
0;149,0,4;0
0;149,2,4;2
0;149,2,4;3
0;150,2,4;0
0;150,2,4;1
0;151,0,4;2
0;151,2,4;0
0;151,2,4;3
0;152,0,4;1
0;152,0,4;2
0;153,0,4;2
0;153,2,4;1
1;154,0,4;154,2,4;0
0;154,0,4;2
0;154,0,4;3
0;154,2,4;2
0;155,0,4;1
1;155,0,4;155,2,4;3
0;155,2,4;1
1;156,0,4;156,2,4;0
0;156,0,4;3
0;156,2,4;2
0;156,3,4;3
0;157,0,4;0
0;157,0,4;1
1;157,2,4;158,0,4;1
0;158,0,4;3
0;158,2,4;2
0;158,3,4;1
0;159,0,4;0
0;159,0,4;3
0;159,2,4;1
0;159,3,4;2
0;160,0,4;0
1;160,0,4;160,2,4;3
0;160,2,4;1
0;161,0,4;1
0;161,0,4;2
0;161,2,4;0
0;162,0,4;1
1;162,0,4;162,2,4;3
0;162,1,4;2
0;162,2,4;0
1;163,0,4;163,2,4;0
0;163,0,4;2
0;163,2,4;2
0;164,0,4;0
1;164,0,4;164,2,4;3
0;164,2,4;1
0;164,3,4;0
0;165,0,4;2
0;165,0,4;3
1;165,2,4;166,0,4;2
0;166,0,4;0
0;166,2,4;1
0;167,0,4;0
0;167,0,4;3
0;167,2,4;2
0;167,3,4;1
0;168,0,4;0
1;168,0,4;168,2,4;3
0;168,2,4;1
0;168,3,4;2
1;169,0,4;169,2,4;0
0;169,0,4;3
0;169,2,4;2
0;169,3,4;1
0;170,0,4;0
0;170,0,4;2
1;170,0,4;170,2,4;3
0;170,2,4;0
1;171,0,4;171,2,4;1
0;171,0,4;2
0;171,2,4;2
1;172,0,4;172,2,4;0
0;172,0,4;3
0;172,2,4;2
0;172,3,4;1
0;173,0,4;0
0;173,0,4;3
1;173,2,4;174,0,4;2
0;174,0,4;1
0;174,2,4;1
0;174,3,4;2
0;175,0,4;0
0;175,0,4;3
0;175,2,4;2
0;175,3,4;1
0;176,0,4;0
1;176,0,4;176,2,4;3
0;176,2,4;2
0;177,0,4;0
0;177,0,4;1
0;177,2,4;2
1;178,0,4;178,2,4;0
0;178,0,4;3
0;178,1,4;1
0;178,2,4;2
0;179,0,4;1
1;179,0,4;179,2,4;2
0;179,2,4;1
0;180,0,4;0
1;180,0,4;180,2,4;3
0;180,2,4;0
0;181,0,4;1
0;181,0,4;3
1;181,2,4;182,0,4;1
0;182,0,4;2
1;182,2,4;183,0,4;0
0;182,3,4;1
0;183,0,4;3
0;183,2,4;2
0;184,0,4;0
0;184,0,4;1
0;184,2,4;3
0;184,3,4;2
1;185,0,4;185,2,4;1
0;185,0,4;3
0;185,2,4;0
0;185,3,4;1
0;186,0,4;0
1;186,0,4;186,2,4;2
0;186,0,4;3
0;187,0,4;0
0;187,2,4;2
0;188,0,4;1
0;188,0,4;3
0;188,2,4;0
0;188,3,4;3
0;189,0,4;1
0;189,0,4;2
0;189,2,4;0
0;190,0,4;1
0;190,0,4;3
0;190,2,4;2
0;190,3,4;0
0;191,0,4;1
0;191,2,4;3
0;192,0,4;0
0;192,0,4;2
0;192,2,4;1
0;193,0,4;2
0;193,0,4;3
0;193,2,4;0
0;194,0,4;0
0;194,0,4;3
0;195,0,4;1
0;195,0,4;2
0;196,0,4;0
0;196,0,4;2
0;196,2,4;3
0;196,3,4;0
0;197,0,4;1
0;197,0,4;2
0;197,2,4;3
0;198,0,4;0
0;198,0,4;2
0;198,2,4;1
0;199,0,4;0
0;199,0,4;3
0;199,2,4;2
0;200,0,4;0
0;200,0,4;1
0;200,2,4;3
0;201,0,4;1
0;201,0,4;2
0;201,2,4;0
0;202,0,4;2
0;202,0,4;3
0;202,2,4;1
0;202,3,4;3
0;203,0,4;2
0;203,2,4;1
0;204,0,4;0
0;204,0,4;3
0;204,2,4;2
0;204,3,4;3
0;205,0,4;0
0;205,0,4;1
0;205,2,4;2
0;206,0,4;0
0;206,0,4;3
0;206,2,4;1
0;206,3,4;2
0;207,0,4;0
0;207,2,4;2
0;207,3,4;1
0;208,0,4;0
0;208,0,4;3
0;208,2,4;2
0;209,0,4;0
0;209,0,4;3
0;209,2,4;1
0;210,0,4;2
0;210,0,4;3
0;210,2,4;0
0;211,0,4;1
0;211,0,4;2
0;211,2,4;3
0;212,0,4;0
0;212,0,4;1
0;212,2,4;2
0;213,0,4;1
0;213,0,4;3
0;213,2,4;0
0;213,2,4;1
1;213,2,4;214,2,4;2
0;214,2,4;3
0;215,0,4;0
0;215,0,4;2
0;215,2,4;1
0;215,3,4;2
0;216,0,4;0
0;216,0,4;3
0;217,0,4;1
1;218,0,4;222,0,4;0
0;218,0,4;1
1;218,0,4;219,0,4;3
1;219,0,4;220,0,4;2
1;220,0,4;221,0,4;1
1;221,0,4;222,0,4;2
1;222,0,4;223,0,4;1
1;222,0,4;224,0,4;3
1;223,0,4;224,0,4;0
1;224,0,4;226,0,4;1
1;224,0,4;225,0,4;2
1;225,0,4;226,0,4;3
1;226,0,4;234,0,4;0
1;226,0,4;227,0,4;2
1;227,0,4;228,0,4;1
1;228,0,4;229,0,4;3
1;229,0,4;230,0,4;2
0;230,0,4;3
0;231,0,4;3
0;232,0,4;2
0;233,0,4;2
0;234,0,4;1
1;234,0,4;235,0,4;2
1;234,0,4;238,0,4;3
1;235,0,4;236,0,4;0
0;235,0,4;1
1;236,0,4;237,0,4;1
0;237,0,4;0
1;237,0,4;238,0,4;2
1;238,0,4;240,0,4;0
1;238,0,4;239,0,4;1
0;239,0,4;2
1;239,0,4;240,0,4;3
1;240,0,4;242,0,4;1
1;240,0,4;241,0,4;2
1;241,0,4;242,0,4;0
0;241,0,4;3
1;242,0,4;246,0,4;2
1;242,0,4;243,0,4;3
0;243,0,4;0
1;243,0,4;244,0,4;1
1;244,0,4;245,0,4;0
1;245,0,4;246,0,4;1
0;245,0,4;3
0;246,0,4;0
0;246,0,4;3
0;246,1,4;1
0;246,2,4;2
0;246,3,4;0
0;246,3,4;3
0;247,0,4;2
0;247,1,4;1
0;247,2,4;0
0;247,2,4;3
