bpm,157.0
offset,248
0;6,0,4;0
0;6,0,4;1
0;6,0,4;3
0;7,0,4;0
0;7,0,4;1
0;7,0,4;3
0;8,0,4;2
0;8,0,4;3
0;8,3,4;0
0;8,3,4;1
0;9,2,4;2
0;9,2,4;3
0;10,0,4;0
0;10,0,4;1
0;10,0,4;2
0;11,0,4;0
0;11,0,4;1
0;11,0,4;2
0;12,0,4;1
0;12,0,4;3
0;12,3,4;0
0;12,3,4;2
0;13,2,4;1
0;13,2,4;3
0;14,0,4;0
0;14,0,4;2
0;14,0,4;3
0;15,0,4;0
0;15,0,4;2
0;15,0,4;3
0;16,0,4;0
0;16,0,4;1
0;16,3,4;2
0;16,3,4;3
0;17,2,4;0
0;17,2,4;1
0;18,0,4;1
0;18,0,4;2
0;18,0,4;3
0;19,0,4;1
0;19,0,4;2
0;19,0,4;3
0;20,0,4;0
0;20,0,4;2
0;20,3,4;1
0;20,3,4;3
0;21,2,4;0
0;21,2,4;2
0;22,0,4;0
0;22,0,4;1
0;22,0,4;3
0;23,0,4;0
0;23,0,4;1
0;23,0,4;3
0;24,0,4;2
0;24,0,4;3
0;24,3,4;2
0;24,3,4;3
0;25,2,4;0
0;25,2,4;1
0;26,0,4;0
0;26,0,4;2
0;26,0,4;3
0;27,0,4;0
0;27,0,4;2
0;27,0,4;3
0;28,0,4;0
0;28,0,4;1
0;28,3,4;0
0;28,3,4;1
0;29,2,4;2
0;29,2,4;3
0;30,0,4;0
0;30,0,4;1
0;30,0,4;3
0;31,0,4;0
0;31,0,4;1
0;31,0,4;3
0;32,0,4;0
0;32,0,4;2
0;32,0,4;3
0;32,3,4;0
0;32,3,4;1
0;32,3,4;3
0;33,2,4;0
0;33,2,4;2
0;33,2,4;3
0;34,0,4;0
0;34,0,4;1
0;34,0,4;2
0;34,0,4;3
0;38,0,4;0
0;38,0,4;3
0;38,2,4;1
0;38,3,4;2
0;39,0,4;0
0;39,0,4;3
0;39,2,4;1
0;40,0,4;2
0;40,0,4;3
0;40,2,4;0
0;40,3,4;2
0;40,3,4;3
0;41,0,4;1
0;41,2,4;2
0;41,2,4;3
0;42,0,4;0
0;42,0,4;3
0;42,2,4;2
0;42,3,4;1
0;43,0,4;0
0;43,0,4;3
0;43,2,4;2
0;44,0,4;0
0;44,0,4;1
0;44,2,4;3
0;44,3,4;0
0;44,3,4;1
0;45,0,4;2
0;45,2,4;0
0;45,2,4;1
0;46,0,4;0
0;46,0,4;3
0;46,2,4;1
0;46,3,4;2
0;47,0,4;0
0;47,0,4;3
0;47,2,4;1
0;48,0,4;2
0;48,0,4;3
0;48,2,4;0
0;48,3,4;2
0;48,3,4;3
0;49,0,4;1
0;49,2,4;2
0;49,2,4;3
0;50,0,4;0
0;50,0,4;3
0;50,2,4;2
0;50,3,4;1
0;51,0,4;0
0;51,0,4;3
0;51,2,4;2
0;52,0,4;0
0;52,0,4;1
0;52,2,4;3
0;52,3,4;0
0;52,3,4;1
0;53,0,4;2
0;53,2,4;0
0;53,2,4;1
0;54,0,4;0
0;54,0,4;3
0;54,2,4;1
0;54,3,4;2
0;55,0,4;0
0;55,0,4;3
0;55,2,4;1
0;55,2,4;2
0;56,0,4;1
0;56,0,4;2
0;56,2,4;3
0;56,3,4;0
0;56,3,4;2
0;57,0,4;3
0;57,2,4;0
0;57,2,4;1
0;58,0,4;0
0;58,0,4;3
0;58,2,4;1
0;58,3,4;0
0;58,3,4;2
0;59,0,4;1
0;59,0,4;3
0;59,2,4;0
0;59,2,4;3
0;60,0,4;1
0;60,0,4;2
0;60,2,4;0
0;60,3,4;2
0;60,3,4;3
0;61,0,4;1
0;61,2,4;2
0;61,2,4;3
0;62,0,4;0
0;62,0,4;3
0;62,2,4;2
0;62,3,4;1
0;63,0,4;0
0;63,0,4;3
0;63,2,4;1
0;63,2,4;2
0;64,0,4;1
0;64,0,4;2
0;64,2,4;0
0;64,3,4;1
0;64,3,4;3
0;65,0,4;0
0;65,2,4;2
0;65,2,4;3
0;66,0,4;0
0;66,0,4;3
0;66,2,4;2
0;66,3,4;1
0;66,3,4;3
0;67,0,4;0
0;67,0,4;2
0;67,2,4;0
0;67,2,4;3
0;68,0,4;1
0;68,0,4;2
0;68,2,4;3
0;68,3,4;0
0;68,3,4;1
0;69,0,4;2
0;69,2,4;0
0;69,2,4;1
0;70,0,4;0
0;70,0,4;3
0;70,2,4;1
0;70,3,4;2
0;71,0,4;0
0;71,0,4;3
0;71,1,4;1
0;71,2,4;2
0;72,0,4;0
1;72,0,4;72,2,4;1
1;72,2,4;73,0,4;3
0;73,0,4;0
0;73,0,4;2
0;73,1,4;1
0;73,2,4;2
0;73,3,4;1
0;74,0,4;0
0;74,0,4;3
0;74,2,4;1
0;74,3,4;2
0;75,0,4;0
0;75,0,4;3
0;75,2,6;1
0;75,3,6;2
1;76,0,4;76,2,4;0
0;76,0,4;3
1;76,2,4;77,0,4;2
0;77,0,4;0
0;77,0,4;3
0;77,1,4;1
0;77,3,6;0
0;77,3,4;1
0;78,0,4;2
0;78,0,4;3
0;78,2,4;1
0;78,3,4;0
0;79,0,4;1
0;79,0,4;2
0;79,1,4;3
0;79,2,4;2
0;80,0,4;0
1;80,0,4;80,2,4;1
1;80,2,4;81,0,4;3
0;81,0,4;0
0;81,0,4;2
0;81,1,4;1
0;81,2,4;0
0;81,3,4;1
0;82,0,4;0
0;82,0,4;3
0;82,2,4;2
0;82,3,4;3
0;83,0,4;0
0;83,0,4;1
0;83,1,4;2
0;83,2,4;1
0;84,0,4;0
0;84,0,4;3
1;84,2,4;85,0,4;3
0;85,0,4;0
0;85,0,4;1
0;85,1,4;2
0;85,2,4;1
0;85,3,4;2
0;86,0,4;0
0;86,0,4;3
0;86,2,4;1
0;86,3,4;2
0;87,0,4;0
0;87,0,4;3
0;87,1,4;1
0;87,2,4;2
1;88,0,8;88,2,8;0
1;88,0,8;88,2,8;3
0;88,3,4;1
0;88,3,4;2
0;89,0,4;1
0;89,0,4;2
0;89,2,4;1
0;89,2,4;2
0;90,0,4;0
0;90,0,4;3
0;90,3,4;0
0;90,3,4;2
0;91,0,4;0
0;91,0,4;2
0;91,2,4;0
0;91,2,4;2
0;92,0,4;0
0;92,0,4;3
0;92,3,4;1
0;92,3,4;3
0;93,0,4;1
0;93,0,4;3
0;93,2,4;1
0;93,2,4;3
0;94,0,4;0
0;94,0,4;3
0;94,2,4;1
0;94,4,8;3
0;94,3,4;0
0;94,3,4;2
0;95,1,4;0
0;95,1,4;2
0;95,2,4;1
0;95,2,4;3
0;96,0,4;0
0;96,0,4;1
0;96,1,4;2
0;96,1,4;3
0;96,3,4;2
0;96,3,4;3
0;97,0,4;0
0;97,0,4;1
0;97,1,4;3
0;97,2,4;1
0;97,3,4;2
0;98,0,4;0
0;98,0,4;3
0;98,2,4;0
0;98,2,4;2
0;98,3,4;1
0;98,3,4;3
0;99,0,4;0
0;99,1,4;2
0;99,1,4;3
0;99,2,4;0
0;99,2,4;1
0;100,0,4;0
0;100,0,4;3
0;100,2,4;2
0;100,2,4;3
0;100,3,4;0
0;100,3,4;1
0;101,0,4;2
0;101,0,4;3
0;101,2,4;0
0;101,2,4;1
0;101,3,4;2
0;102,0,4;0
0;102,0,4;3
0;102,2,4;1
0;102,3,4;2
0;103,0,4;0
0;103,0,4;3
0;103,1,4;1
0;103,2,4;2
0;104,0,4;0
1;104,0,4;104,2,4;3
0;104,2,4;1
0;104,3,4;2
0;105,0,4;0
0;105,0,4;1
0;105,2,4;3
0;105,3,4;2
0;106,0,4;0
0;106,0,4;3
0;106,2,4;1
0;106,3,4;2
0;107,0,4;0
0;107,0,4;3
0;107,1,4;1
0;107,2,4;2
1;108,0,4;108,2,4;0
0;108,0,4;3
1;108,2,4;109,0,4;2
0;109,0,4;1
0;109,0,4;3
0;109,1,4;0
0;109,2,4;2
0;109,3,4;1
0;110,0,4;0
0;110,0,4;3
0;110,2,4;1
0;110,3,4;2
0;111,0,4;0
0;111,0,4;3
0;111,1,4;1
0;111,2,4;2
0;112,0,4;0
1;112,0,4;112,2,4;3
0;112,2,4;1
0;112,3,4;2
0;113,0,4;0
0;113,0,4;1
0;113,1,4;3
0;113,2,4;2
0;113,3,4;1
0;114,0,4;0
0;114,0,4;3
0;114,2,4;1
0;114,3,4;2
0;115,0,4;0
0;115,0,4;3
0;115,1,4;1
0;115,2,4;2
0;116,0,4;0
1;116,0,4;116,2,4;3
0;116,2,4;0
0;116,3,4;2
0;116,3,4;3
0;117,0,4;0
0;117,0,4;1
0;117,2,4;2
0;117,2,4;3
0;118,0,288;0
0;118,0,288;3
0;118,2,4;2
0;118,3,4;1
0;119,0,4;0
0;119,0,4;3
0;119,1,4;2
0;119,2,4;1
1;120,0,4;120,2,4;0
0;120,0,4;3
0;120,2,4;2
0;120,3,4;1
0;121,0,288;2
0;121,0,4;3
0;121,144,288;0
0;121,3,4;1
0;122,0,288;0
0;122,0,288;3
0;122,2,4;2
0;122,216,288;1
0;123,0,4;0
0;123,0,4;3
0;123,1,4;2
0;123,144,288;1
1;124,0,4;124,2,4;0
0;124,0,4;3
0;124,2,4;3
0;124,3,4;0
0;124,3,4;1
0;125,0,288;2
0;125,0,4;3
0;125,2,4;0
0;125,144,288;1
0;126,0,288;0
0;126,0,288;3
0;126,2,4;3
0;126,3,4;3
0;127,0,4;0
0;127,0,4;1
0;127,2,4;2
0;127,2,4;3
0;128,0,4;0
0;128,0,4;3
0;128,144,288;0
0;128,3,4;0
0;129,0,288;2
0;129,0,4;3
0;129,2,4;0
0;129,144,288;1
0;130,0,288;0
0;130,0,288;3
0;130,2,4;1
0;130,3,4;2
0;131,0,4;0
0;131,0,4;3
0;131,1,4;1
0;131,144,288;2
1;132,0,4;132,1,4;0
1;132,0,4;132,1,4;3
0;134,0,4;0
0;134,0,4;2
0;134,0,4;3
0;134,2,4;0
0;135,0,4;1
0;135,0,4;2
0;135,0,4;3
0;135,2,4;1
0;136,0,4;0
0;136,0,4;2
0;136,0,4;3
0;136,2,4;2
0;137,0,4;0
0;137,0,4;1
0;137,0,4;3
0;137,2,4;3
1;138,0,4;140,2,4;0
0;138,0,4;1
1;139,0,4;140,2,4;1
0;139,0,4;2
1;140,0,4;140,2,4;2
0;140,0,4;3
0;141,0,4;0
0;141,0,4;2
0;141,0,4;3
0;141,2,4;1
0;141,2,4;2
0;141,2,4;3
0;142,0,4;0
1;142,0,4;142,2,4;2
1;142,0,4;142,2,4;3
0;143,0,4;0
0;143,0,4;1
0;143,0,4;3
0;143,2,4;0
0;143,2,4;1
0;143,2,4;2
1;144,0,4;144,2,4;0
1;144,0,4;144,2,4;1
0;144,0,4;3
0;145,0,4;0
1;145,0,4;145,2,4;2
1;145,0,4;145,2,4;3
1;146,0,4;146,2,4;0
1;146,0,4;146,2,4;1
1;146,0,4;148,2,4;3
0;147,0,4;0
0;147,0,4;1
0;147,2,4;0
0;147,2,4;1
1;148,0,4;148,2,4;0
1;148,0,4;148,2,4;1
0;149,0,4;0
0;149,0,4;1
0;149,0,4;2
0;149,0,4;3
0;150,0,4;0
0;150,0,4;1
0;150,0,4;3
0;150,2,4;3
0;151,0,4;0
0;151,0,4;1
0;151,0,4;2
0;151,2,4;2
0;152,0,4;0
0;152,0,4;1
0;152,0,4;3
0;152,2,4;1
0;153,0,4;0
0;153,0,4;2
0;153,0,4;3
0;153,2,4;0
0;154,0,4;1
1;154,0,4;155,2,4;3
1;154,2,4;155,2,4;2
0;155,0,4;0
1;155,0,4;155,2,4;1
1;156,0,4;156,2,4;0
1;156,0,4;156,2,4;1
0;156,0,4;3
0;157,0,4;0
0;157,0,4;2
0;157,0,4;3
0;157,2,4;1
0;157,2,4;2
0;157,2,4;3
0;158,0,4;0
1;158,0,4;158,2,4;2
1;158,0,4;158,2,4;3
0;159,0,4;0
0;159,0,4;1
0;159,0,4;3
0;159,2,4;0
0;159,2,4;1
0;159,2,4;2
1;160,0,4;160,2,4;0
1;160,0,4;160,2,4;1
0;160,0,4;3
0;160,2,4;2
0;160,2,4;3
0;160,3,4;0
0;160,3,4;1
0;161,0,4;0
0;161,0,4;2
0;161,0,4;3
0;161,2,4;0
0;161,2,4;1
0;161,2,4;3
0;162,0,4;0
1;162,0,4;162,2,4;1
1;162,0,4;162,2,4;2
0;162,0,4;3
0;164,4,8;1
0;164,4,8;2
0;165,0,8;1
0;165,0,8;2
0;165,4,8;1
0;165,4,8;2
0;166,0,4;0
1;166,0,8;166,2,8;2
1;166,1,8;166,6,8;3
0;166,2,4;2
1;166,3,4;167,0,4;0
1;166,3,4;167,0,4;1
0;167,0,4;3
1;167,2,4;167,3,4;0
1;167,2,4;167,3,4;1
0;167,2,4;2
1;168,0,8;168,2,8;1
0;168,0,4;3
1;168,1,8;168,6,8;0
0;168,4,8;1
1;168,3,4;169,0,4;2
1;168,3,4;169,0,4;3
0;169,0,8;0
0;169,4,8;1
1;169,4,8;169,6,8;2
1;169,4,8;169,6,8;3
0;170,0,8;0
1;170,0,8;170,2,8;2
1;170,1,8;170,6,8;3
0;170,4,8;2
1;170,6,8;171,0,8;0
1;170,6,8;171,0,8;1
0;171,0,8;3
1;171,4,8;171,6,8;0
1;171,4,8;171,6,8;1
0;171,4,8;2
1;172,0,8;172,2,8;0
1;172,0,8;172,4,8;3
0;172,2,4;0
0;172,2,4;1
0;172,6,8;2
0;172,6,8;3
1;173,0,8;173,6,8;0
1;173,0,8;173,6,8;1
0;173,0,8;3
0;173,4,8;2
0;173,6,8;2
1;174,0,8;174,2,8;1
0;174,0,4;3
1;174,1,8;174,6,8;0
0;174,4,8;1
1;174,6,8;175,0,8;2
1;174,6,8;175,0,8;3
0;175,0,4;0
0;175,4,8;1
1;175,4,8;175,6,8;2
1;175,4,8;175,6,8;3
0;176,0,4;0
1;176,0,8;176,2,8;2
1;176,1,8;176,6,8;3
0;176,4,8;2
1;176,6,8;177,0,8;0
1;176,6,8;177,0,8;1
0;177,0,4;3
1;177,4,8;177,6,8;0
1;177,4,8;177,6,8;1
0;177,2,4;2
1;178,0,8;178,2,8;1
0;178,0,4;3
1;178,1,8;178,6,8;0
0;178,4,8;1
1;178,6,8;179,0,8;2
1;178,6,8;179,0,8;3
0;179,0,4;0
0;179,4,8;1
1;179,4,8;179,6,8;2
1;179,4,8;179,6,8;3
1;180,0,8;180,4,8;0
1;180,0,8;180,2,8;3
0;180,4,8;2
0;180,4,8;3
0;180,6,8;0
0;180,6,8;1
0;181,0,8;0
1;181,0,8;181,6,8;2
1;181,0,8;181,6,8;3
0;181,2,4;1
0;181,3,4;1
0;182,0,4;0
1;182,0,8;182,2,8;2
1;182,1,8;182,6,8;3
0;182,4,8;2
1;182,6,8;183,0,8;0
1;182,6,8;183,0,8;1
0;183,0,4;3
1;183,4,8;183,6,8;0
1;183,4,8;183,6,8;1
0;183,2,4;2
1;184,0,8;184,2,8;1
0;184,0,4;3
1;184,1,8;184,6,8;0
0;184,4,8;1
1;184,6,8;185,0,8;2
1;184,6,8;185,0,8;3
0;185,0,4;0
0;185,2,4;1
1;185,4,8;185,6,8;2
1;185,4,8;185,6,8;3
0;186,0,4;0
1;186,0,8;186,2,8;2
1;186,1,8;186,6,8;3
0;186,4,8;2
1;186,6,8;187,0,8;0
1;186,6,8;187,0,8;1
0;187,0,4;3
1;187,4,8;187,6,8;0
1;187,4,8;187,6,8;1
0;187,2,4;2
1;188,0,4;188,1,4;0
1;188,0,4;188,2,4;3
0;188,2,4;0
0;188,2,4;1
0;188,3,4;2
0;188,3,4;3
0;189,0,4;0
0;189,0,4;1
0;189,0,4;3
0;189,2,4;1
0;189,2,4;2
0;189,2,4;3
1;190,0,4;190,2,4;0
1;190,0,4;190,2,4;1
1;190,0,4;190,2,4;2
0;191,0,4;0
0;191,0,4;2
0;191,0,4;3
0;191,2,4;0
0;191,2,4;1
0;191,2,4;2
1;192,0,4;192,2,4;1
1;192,0,4;192,2,4;2
1;192,0,4;192,2,4;3
1;193,0,4;193,2,4;0
1;193,0,4;193,2,4;1
1;193,0,4;193,2,4;2
1;194,0,4;194,2,4;0
1;194,0,4;194,2,4;1
1;194,0,4;194,2,4;2
1;194,0,4;194,2,4;3
0;195,0,4;1
0;195,0,4;2
0;195,2,4;0
0;195,2,4;3
0;196,0,4;1
0;196,0,4;2
0;196,3,4;1
0;196,3,4;2
0;197,0,4;1
0;197,0,4;2
0;197,2,4;1
0;197,2,4;2
0;198,0,4;0
1;198,0,4;198,2,4;2
1;198,0,4;198,2,4;3
0;199,0,4;0
1;199,0,4;199,2,4;2
1;199,0,4;199,2,4;3
0;200,0,4;0
0;200,0,4;3
0;200,1,4;1
0;200,1,4;2
0;200,3,4;1
0;200,3,4;2
0;201,0,4;0
0;201,0,4;2
0;201,0,4;3
0;201,1,4;1
0;201,2,4;2
0;201,2,4;3
0;201,3,4;1
0;202,0,4;0
0;202,0,4;3
0;202,2,4;1
0;202,2,4;2
0;203,0,4;0
0;203,0,4;2
0;203,0,4;3
0;203,2,4;0
0;203,2,4;1
0;204,0,4;1
0;204,0,4;2
0;204,0,4;3
0;204,2,4;0
0;204,2,4;1
0;204,3,4;2
0;204,3,4;3
0;205,0,4;0
0;205,0,4;1
0;205,2,4;0
0;205,2,4;3
0;205,3,4;1
0;206,0,4;0
1;206,0,4;206,2,4;2
1;206,0,4;206,2,4;3
0;207,0,4;0
1;207,0,4;207,2,4;2
1;207,0,4;207,2,4;3
0;208,0,4;0
0;208,0,4;3
0;208,1,4;1
0;208,1,4;2
0;208,3,4;0
0;208,3,4;1
0;209,0,4;2
0;209,0,4;3
0;209,1,4;0
0;209,1,4;1
0;209,2,4;2
0;209,2,4;3
0;210,0,4;0
0;210,0,4;3
0;210,2,4;1
0;210,2,4;2
0;211,0,4;0
0;211,0,4;1
0;211,0,4;3
0;211,2,4;2
0;211,2,4;3
0;212,0,4;0
0;212,0,4;1
0;212,0,4;2
0;212,2,4;0
0;212,2,4;1
0;212,3,4;2
0;212,3,4;3
0;213,0,4;0
0;213,0,4;1
0;213,2,4;1
0;213,2,4;3
0;213,3,4;2
1;214,0,4;214,2,4;0
1;214,0,4;214,2,4;1
0;214,0,4;3
1;215,0,4;215,2,4;0
1;215,0,4;215,2,4;1
0;215,0,4;3
0;216,0,4;0
0;216,0,4;3
0;216,1,4;1
0;216,1,4;2
0;216,3,4;1
0;216,3,4;2
0;217,0,4;0
0;217,0,4;1
0;217,0,4;3
0;217,1,4;2
0;217,2,4;0
0;217,2,4;1
0;217,3,4;2
0;218,0,4;0
0;218,0,4;3
0;218,2,4;1
0;218,2,4;2
0;219,0,4;0
0;219,0,4;2
0;219,0,4;3
0;219,2,4;0
0;219,2,4;1
0;220,0,4;1
0;220,0,4;2
0;220,0,4;3
0;220,2,4;2
0;220,2,4;3
0;220,3,4;0
0;220,3,4;1
0;221,0,4;2
0;221,0,4;3
0;221,2,4;0
0;221,2,4;3
0;221,3,4;2
1;222,0,4;222,2,4;0
1;222,0,4;222,2,4;1
0;222,0,4;3
1;223,0,4;223,2,4;0
1;223,0,4;223,2,4;1
0;223,0,4;3
0;224,0,4;0
0;224,0,4;3
0;224,1,4;1
0;224,1,4;2
0;224,3,4;2
0;224,3,4;3
0;225,0,4;0
0;225,0,4;1
0;225,1,4;2
0;225,1,4;3
0;225,2,4;0
0;225,2,4;1
0;226,0,4;0
0;226,0,4;3
0;226,2,4;1
0;226,2,4;2
0;227,0,4;0
0;227,0,4;2
0;227,0,4;3
0;227,2,4;0
0;227,2,4;1
0;228,0,4;1
0;228,0,4;2
0;228,0,4;3
0;228,2,4;2
0;228,2,4;3
0;228,3,4;0
0;228,3,4;1
0;229,0,4;2
0;229,0,4;3
0;229,2,4;0
0;229,2,4;2
0;229,3,4;1
0;230,0,4;0
0;230,0,4;3
0;230,2,4;3
0;231,0,4;0
0;231,2,4;0
0;232,0,4;3
0;232,2,4;3
0;233,0,4;0
0;233,2,4;0
1;234,0,4;234,1,4;3
