bpm,143.0
offset,343
0;6,0,4;0
0;6,0,4;1
0;6,2,4;2
0;7,0,4;0
0;7,0,4;2
0;7,2,4;1
0;7,3,4;3
0;8,0,4;0
0;8,2,4;3
0;9,0,4;0
0;9,0,4;2
0;9,2,4;1
0;9,3,4;3
0;10,0,4;0
0;10,2,4;2
0;11,0,4;0
0;11,0,4;2
0;11,2,4;1
0;11,3,4;3
0;12,0,4;0
0;12,2,4;3
0;13,0,4;0
0;13,0,4;2
0;13,2,4;1
0;13,3,4;3
0;14,0,4;0
0;14,0,4;1
0;14,1,4;2
0;14,2,4;1
0;14,3,4;2
0;15,0,4;0
0;15,0,4;3
0;15,1,4;2
0;15,2,4;0
0;15,3,4;2
0;16,0,4;0
0;16,0,4;1
0;16,1,4;3
0;16,2,4;1
0;16,3,4;3
0;17,0,4;0
0;17,0,4;1
0;17,1,6;2
0;17,2,6;3
0;17,2,4;1
0;17,3,4;2
1;18,0,4;19,2,4;0
0;18,0,4;3
1;18,2,4;21,0,4;1
1;19,0,4;20,2,4;2
1;19,2,4;20,0,4;3
1;20,0,4;21,2,4;0
0;20,2,4;3
0;21,0,4;2
0;21,2,4;1
0;22,0,288;0
0;22,0,288;2
0;22,0,288;3
0;22,144,288;1
1;22,216,288;23,144,288;3
0;23,0,288;0
0;23,0,288;2
0;23,144,288;1
0;24,0,288;0
0;24,0,288;3
0;24,144,288;2
1;24,216,288;25,144,288;0
0;25,0,288;1
0;25,0,288;3
0;25,144,288;2
0;26,0,288;0
0;26,0,288;3
0;26,144,288;1
1;26,216,288;27,144,288;3
0;27,0,288;0
0;27,0,288;2
0;27,144,288;1
0;28,0,288;0
0;28,0,288;3
0;28,144,288;1
0;29,0,288;0
0;29,0,288;2
0;29,144,288;3
1;30,0,4;31,0,4;1
0;30,0,4;2
1;31,0,4;32,0,4;0
0;31,0,4;2
0;31,0,4;3
0;32,0,4;1
1;32,0,4;33,0,4;3
0;33,0,4;0
0;33,0,4;1
1;33,0,4;34,0,4;2
1;34,0,4;34,2,4;0
0;34,0,4;3
1;34,3,4;35,1,4;0
0;35,0,4;2
0;35,0,4;3
1;35,2,4;36,0,4;3
0;36,0,4;0
0;36,0,4;1
0;36,2,4;3
0;37,0,4;0
0;37,0,4;1
0;37,0,4;2
0;37,2,4;1
0;38,0,288;0
0;38,0,288;2
0;38,0,288;3
0;38,144,288;1
1;38,216,288;39,144,288;3
0;39,0,288;0
0;39,0,288;2
0;39,144,288;1
0;40,0,288;0
0;40,0,288;3
0;40,144,288;2
1;40,216,288;41,144,288;0
0;41,0,288;1
0;41,0,288;3
0;41,144,288;2
0;42,0,288;0
0;42,0,288;3
0;42,144,288;1
1;42,216,288;43,144,288;3
0;43,0,288;0
0;43,0,288;2
0;43,144,288;1
0;44,0,288;0
0;44,0,288;3
0;44,144,288;1
0;45,0,288;0
0;45,0,288;2
0;45,144,288;3
0;46,0,4;0
0;46,0,4;1
0;46,0,4;2
0;46,2,4;0
0;46,3,4;1
0;47,0,4;2
0;47,0,4;3
0;47,1,4;1
1;47,2,4;48,0,4;0
0;48,0,4;2
0;48,0,4;3
0;48,1,4;1
0;48,2,4;0
0;48,3,4;1
0;49,0,4;2
1;49,0,4;49,2,4;3
0;49,2,4;1
0;49,3,4;2
0;50,0,4;0
0;50,0,4;1
0;50,0,4;3
0;50,2,4;0
0;50,3,4;1
0;51,0,4;2
0;51,0,4;3
0;51,1,4;1
1;51,2,4;52,0,4;0
0;52,0,4;2
0;52,0,4;3
0;52,1,4;1
0;52,2,4;0
0;52,3,4;1
0;53,0,4;2
1;53,0,4;53,2,4;3
0;53,2,4;0
0;53,3,4;1
0;54,0,4;0
0;54,0,4;2
0;54,0,4;3
0;54,2,4;1
1;54,3,4;55,2,4;3
0;55,0,4;0
0;55,0,4;2
0;55,2,4;1
0;56,0,4;0
0;56,0,4;1
0;56,0,4;3
0;56,2,4;2
1;56,3,4;57,2,4;0
0;57,0,4;1
0;57,0,4;3
0;57,2,4;2
0;58,0,4;0
0;58,0,4;1
0;58,0,4;3
0;58,1,4;2
0;58,2,4;0
0;58,2,4;1
0;58,3,4;3
0;59,0,4;0
0;59,0,4;2
0;59,1,4;1
0;59,2,4;0
0;59,2,4;2
0;59,3,4;1
0;59,3,4;3
0;60,0,4;0
0;60,1,4;3
0;60,2,4;0
0;60,2,4;1
0;60,3,4;2
0;61,0,4;1
0;61,0,4;3
0;61,1,4;0
0;61,2,4;2
0;61,2,4;3
0;61,3,4;0
0;61,3,4;1
0;62,0,4;3
0;62,1,4;1
0;62,2,4;0
0;62,2,4;2
0;62,3,4;1
0;63,0,4;2
0;63,0,4;3
0;63,1,4;1
0;63,2,4;0
0;63,2,4;2
0;63,3,4;1
0;63,3,4;3
0;64,0,4;0
0;64,1,4;3
0;64,2,4;0
0;64,2,4;1
0;64,3,4;2
0;65,0,4;0
0;65,0,4;3
0;65,1,6;1
0;65,2,6;2
0;65,3,6;3
0;65,3,4;0
0;66,0,4;1
1;66,2,4;68,0,4;2
1;67,0,4;68,3,4;1
1;67,2,4;68,1,4;3
1;68,0,4;69,0,4;0
0;68,2,4;2
0;68,3,4;3
0;69,0,4;2
0;69,1,4;1
0;69,2,4;0
0;70,0,4;1
0;70,0,4;2
0;70,0,4;3
0;70,2,4;0
0;71,0,4;1
0;71,2,4;2
0;72,0,4;3
0;74,0,4;0
0;74,0,4;3
0;74,2,4;1
0;75,0,4;2
0;75,2,4;3
0;76,0,4;0
0;76,0,4;1
0;78,0,4;2
0;78,0,4;3
0;78,2,4;0
0;79,0,4;1
0;79,2,4;2
0;80,0,4;3
0;82,0,4;0
0;82,0,4;3
0;82,1,4;1
0;82,2,4;2
0;82,3,4;3
0;83,0,4;0
0;83,1,4;1
0;83,2,4;2
0;83,3,4;3
1;84,0,4;84,2,4;1
1;84,0,4;84,2,4;2
1;85,0,4;85,2,4;0
1;85,0,4;85,2,4;1
1;86,0,4;87,2,4;1
0;86,0,4;2
0;86,0,4;3
0;86,3,4;3
0;87,2,4;3
0;88,0,4;1
0;88,0,4;2
0;88,2,4;0
0;88,3,4;2
0;89,0,4;1
0;89,2,4;2
0;89,2,4;3
0;90,0,4;0
0;90,0,4;1
1;90,0,4;91,0,4;3
0;90,3,4;1
0;91,2,4;1
0;92,0,4;0
0;92,0,4;3
0;92,2,4;2
0;92,3,4;0
0;93,0,4;1
0;93,2,4;0
0;93,2,4;2
0;94,0,4;0
1;94,0,4;94,3,4;1
0;94,0,4;3
0;94,3,4;3
1;95,0,4;95,3,4;0
0;95,2,4;3
0;96,0,4;1
0;96,0,4;2
0;96,0,4;3
0;96,2,4;0
0;96,3,4;2
0;97,0,4;1
0;97,2,4;2
0;97,2,4;3
0;98,0,4;0
0;98,0,288;1
1;98,0,4;99,0,4;3
0;98,3,4;1
0;99,2,4;1
0;99,2,4;2
1;100,0,4;101,0,4;0
0;100,0,4;1
0;100,1,4;3
0;100,3,4;2
0;101,0,4;1
0;101,1,4;3
0;101,2,4;0
0;101,2,4;1
0;101,3,4;2
0;102,0,4;0
0;102,0,4;3
0;102,1,4;0
0;102,2,4;2
1;102,3,4;103,1,4;0
0;103,0,4;1
0;103,0,4;3
0;103,2,4;0
0;103,2,4;2
0;104,0,4;1
0;104,0,4;3
0;104,1,4;3
0;104,2,4;0
1;104,3,4;105,1,4;3
0;105,0,4;1
0;105,2,4;0
0;105,2,4;3
0;106,0,4;0
0;106,0,4;1
0;106,0,4;3
0;106,1,4;1
0;106,2,4;2
1;106,3,4;107,1,4;1
0;107,0,4;0
0;107,0,4;3
0;107,2,4;1
0;107,2,4;2
0;108,0,4;0
0;108,0,4;2
0;108,1,4;2
0;108,2,4;1
1;108,3,4;109,1,4;2
0;109,0,4;0
0;109,2,4;2
0;109,2,4;3
0;110,0,4;0
0;110,0,4;1
0;110,0,4;3
0;110,1,4;3
0;110,2,4;1
1;110,3,4;111,1,4;3
0;111,0,4;0
0;111,0,4;2
0;111,2,4;1
0;111,2,4;3
0;112,0,4;0
0;112,0,4;2
0;112,1,4;2
0;112,2,4;1
1;112,3,4;113,1,4;2
0;113,0,4;0
0;113,2,4;2
0;113,2,4;3
0;114,0,4;0
0;114,0,4;1
0;114,1,4;1
0;114,2,4;2
1;114,3,4;115,1,4;1
0;115,0,4;0
0;115,0,4;3
0;115,2,4;1
0;115,2,4;2
0;116,0,4;0
0;116,0,4;3
0;116,1,4;0
0;116,3,6;2
0;116,4,6;3
1;116,3,4;117,1,4;0
0;116,5,6;2
0;117,0,4;1
0;117,2,4;0
0;117,2,4;2
0;118,0,4;0
0;118,0,288;1
0;118,0,288;3
0;118,72,288;1
0;118,144,288;2
1;118,216,288;119,72,288;1
0;119,0,288;0
0;119,0,288;3
0;119,144,288;1
0;119,144,288;2
0;120,0,288;0
0;120,0,288;3
0;120,72,288;3
0;120,144,288;1
1;120,216,288;121,72,288;3
0;121,0,288;2
0;121,144,288;1
0;121,144,288;3
0;122,0,288;0
0;122,0,288;2
0;122,0,288;3
0;122,72,288;2
0;122,144,288;1
1;122,216,288;123,72,288;2
0;123,0,288;0
0;123,0,288;3
0;123,144,288;1
0;123,144,288;2
0;124,0,288;0
0;124,0,288;3
0;124,72,288;0
0;124,144,288;2
1;124,216,288;125,72,288;0
0;125,0,288;1
0;125,144,288;0
0;125,144,288;2
1;126,0,4;127,2,4;0
0;126,0,4;2
0;126,0,4;3
0;126,1,4;2
0;126,3,4;2
0;127,0,4;1
0;127,0,4;3
0;127,2,4;2
0;128,0,4;0
0;128,0,4;1
1;128,0,4;129,2,4;3
0;128,1,4;1
0;128,3,4;1
0;129,0,4;0
0;129,2,4;1
0;130,0,4;0
0;130,0,4;1
0;130,0,4;3
0;130,1,4;2
0;130,2,4;0
0;130,3,4;2
0;131,0,4;0
0;131,0,4;1
0;131,0,4;3
0;131,1,4;2
0;131,2,4;1
0;131,3,4;2
0;132,0,6;0
0;132,0,6;3
0;132,1,6;1
0;132,2,6;2
0;132,3,6;0
0;132,4,6;1
0;132,5,6;2
0;133,0,4;0
0;133,0,6;1
0;133,1,6;2
0;133,2,6;3
0;133,3,6;1
0;133,4,6;2
0;133,5,6;3
1;134,0,4;134,2,4;0
1;134,3,4;135,1,4;3
1;135,2,4;136,0,4;0
0;136,2,4;3
0;137,0,4;2
0;137,2,4;1
0;138,0,288;0
0;138,0,288;2
0;138,0,288;3
0;138,144,288;1
1;138,216,288;139,144,288;3
0;139,0,288;0
0;139,0,288;2
0;139,144,288;1
0;140,0,288;0
0;140,0,288;3
0;140,144,288;2
1;140,216,288;141,144,288;0
0;141,0,288;1
0;141,0,288;3
0;141,144,288;2
0;142,0,288;0
0;142,0,288;3
0;142,144,288;1
1;142,216,288;143,144,288;3
0;143,0,288;0
0;143,0,288;2
0;143,144,288;1
0;144,0,288;0
0;144,0,288;3
0;144,144,288;1
0;145,0,288;0
0;145,0,288;2
0;145,144,288;3
1;146,0,288;147,0,288;1
0;146,0,288;2
1;147,0,288;148,0,288;0
0;147,0,288;2
0;147,0,288;3
0;148,0,288;1
1;148,0,288;149,0,288;3
0;149,0,288;0
0;149,0,288;1
1;149,0,288;150,0,288;2
1;150,0,288;150,144,288;0
0;150,0,288;3
1;150,216,288;151,72,288;0
0;151,0,288;2
0;151,0,288;3
1;151,144,288;152,0,288;3
0;152,0,288;0
0;152,0,288;1
0;152,1,4;2
0;152,2,4;1
0;152,144,288;3
0;152,3,4;0
0;153,0,4;2
0;153,0,4;3
0;153,144,288;1
0;154,0,288;0
0;154,0,288;2
0;154,0,288;3
0;154,144,288;1
1;154,216,288;155,144,288;3
0;155,0,288;0
0;155,0,288;2
0;155,144,288;1
0;156,0,288;0
0;156,0,288;3
0;156,144,288;2
1;156,216,288;157,144,288;0
0;157,0,288;1
0;157,0,288;3
0;157,144,288;2
0;158,0,288;0
0;158,0,288;3
0;158,144,288;1
1;158,216,288;159,144,288;3
0;159,0,288;0
0;159,0,288;2
0;159,144,288;1
0;160,0,288;0
0;160,0,288;3
0;160,144,288;1
0;161,0,288;0
0;161,0,288;2
0;161,144,288;3
0;162,0,288;0
0;162,0,288;1
0;162,0,288;2
0;162,144,288;0
0;162,216,288;1
0;163,0,288;2
0;163,0,288;3
0;163,72,288;1
1;163,144,288;164,0,288;0
0;164,0,288;2
0;164,0,288;3
0;164,72,288;1
0;164,144,288;0
0;164,216,288;1
0;165,0,288;2
1;165,0,288;165,144,288;3
0;165,144,288;1
0;165,216,288;2
0;166,0,4;0
0;166,0,4;3
0;166,1,6;1
0;166,2,6;2
1;166,2,4;167,0,4;3
0;167,0,4;0
0;167,0,4;1
0;167,1,6;2
0;167,2,6;3
1;167,3,6;168,0,6;0
0;168,0,6;1
0;168,0,6;2
0;168,1,6;3
0;168,2,6;1
0;168,3,6;2
0;168,4,6;0
0;168,5,6;1
0;169,0,6;2
0;169,0,6;3
0;169,1,6;0
0;169,2,6;1
0;169,2,4;2
0;169,4,6;1
0;169,5,6;2
0;170,0,6;0
0;170,0,6;3
0;170,1,4;0
0;170,2,4;2
1;170,3,4;171,1,4;0
0;170,3,4;3
0;171,0,4;1
0;171,0,4;2
0;171,1,4;3
0;171,2,4;1
0;171,3,4;2
0;172,0,4;0
0;172,0,4;3
0;172,1,4;3
0;172,3,4;1
1;172,3,4;173,1,4;3
0;173,0,4;0
0;173,0,4;2
0;173,2,4;1
1;174,0,4;175,2,4;0
0;174,0,4;2
0;174,1,4;2
0;174,3,4;2
0;175,0,4;1
0;175,0,4;3
0;175,2,4;2
0;175,3,4;0
0;176,0,4;1
1;176,0,4;177,2,4;3
0;176,1,4;1
0;176,3,4;1
0;177,0,4;0
0;177,0,4;2
0;177,2,4;1
1;178,0,4;179,2,4;0
0;178,0,4;2
0;178,0,4;3
0;178,1,4;2
0;178,3,4;2
0;179,0,4;1
0;179,0,4;3
0;179,2,4;2
0;180,0,4;0
0;180,0,4;1
0;180,1,4;2
0;180,1,4;3
0;180,2,4;1
0;180,3,4;0
0;180,3,4;2
0;181,0,4;1
0;181,0,4;3
0;181,1,4;2
0;181,2,4;1
0;181,2,4;3
0;181,3,4;0
0;182,0,4;1
1;182,0,4;183,2,4;3
0;182,1,4;1
0;182,3,4;1
0;183,0,4;0
0;183,0,4;2
0;183,2,4;1
1;184,0,4;185,2,4;0
0;184,0,4;2
0;184,1,4;1
0;184,1,4;3
0;184,3,4;2
0;185,0,4;1
0;185,0,4;3
0;185,2,4;2
0;186,0,4;0
0;186,0,288;1
1;186,0,4;187,2,4;3
0;186,1,4;1
0;186,3,4;1
0;187,0,4;0
0;187,0,4;2
0;187,2,4;1
1;188,0,4;189,2,4;0
0;188,0,288;2
0;188,72,288;2
0;188,3,4;2
0;189,0,4;1
0;189,0,4;3
0;189,2,4;2
0;190,0,288;1
1;190,0,4;191,2,4;3
0;190,72,288;1
0;190,3,4;1
0;191,0,288;0
0;191,0,4;2
0;191,144,288;1
0;192,0,288;1
0;192,0,288;3
0;192,72,288;3
0;192,144,288;0
1;192,3,4;193,1,4;3
0;193,0,288;1
0;193,0,288;2
0;193,144,288;0
0;193,2,4;1
0;193,216,288;2
0;194,0,288;0
0;194,0,4;1
0;194,0,288;3
0;194,2,4;1
0;194,3,4;2
0;194,3,4;3
0;195,0,4;0
0;195,0,4;1
0;195,1,4;2
1;195,144,288;196,0,288;0
0;195,2,4;3
0;196,0,288;2
0;196,0,288;3
0;196,72,288;1
0;196,144,288;0
0;196,216,288;1
0;197,0,4;0
0;197,0,288;2
1;197,0,288;197,144,288;3
0;197,144,288;1
0;197,2,4;2
0;197,3,4;0
0;197,3,4;3
0;198,0,4;1
0;198,0,4;2
0;198,144,288;2
0;198,3,4;0
0;198,216,288;1
0;199,0,288;2
0;199,0,288;3
0;199,72,288;1
0;199,2,4;0
1;199,144,288;200,0,288;3
0;200,0,288;0
0;200,0,288;1
0;200,72,288;2
0;200,144,288;3
0;200,216,288;2
1;201,0,288;201,144,288;0
0;201,0,288;1
0;201,2,4;2
0;201,144,288;3
0;201,3,4;1
1;202,0,4;203,2,4;0
0;202,0,4;2
0;202,0,288;3
0;202,2,4;3
0;202,3,4;2
0;203,0,4;1
0;203,0,288;3
0;203,144,288;2
0;204,0,288;0
0;204,0,288;1
1;204,0,4;205,2,4;3
0;204,2,4;0
0;204,3,4;1
0;205,0,288;0
0;205,0,4;2
0;205,144,288;1
0;206,0,288;0
0;206,0,288;1
0;206,0,288;3
0;206,72,288;2
0;206,144,288;0
0;206,144,288;1
0;206,216,288;3
0;207,0,288;0
0;207,0,288;2
0;207,72,288;1
0;207,144,288;0
0;207,144,288;2
0;207,216,288;1
0;207,216,288;3
0;208,0,288;0
0;208,72,288;3
0;208,144,288;0
0;208,144,288;1
0;208,216,288;2
0;209,0,288;1
0;209,0,288;3
0;209,72,288;0
0;209,144,288;2
0;209,144,288;3
0;209,216,288;0
0;209,216,288;1
0;210,0,288;3
0;210,72,288;1
0;210,144,288;0
0;210,144,288;2
0;210,216,288;1
0;211,0,288;2
0;211,0,288;3
0;211,1,6;1
0;211,2,6;0
0;211,2,4;2
0;211,2,4;3
0;211,3,4;0
0;211,3,4;1
0;212,0,4;2
0;212,0,4;3
0;212,2,12;0
0;212,2,6;1
0;212,3,6;2
0;212,3,4;0
0;212,3,4;1
0;212,3,4;3
0;213,0,4;2
0;213,1,4;1
0;213,2,4;0
0;213,2,4;2
0;213,2,4;3
