bpm,143.0
offset,343
0;6,0,4;1
0;8,0,4;1
0;10,0,4;2
0;12,0,4;2
1;14,0,4;18,0,4;0
0;22,0,4;0
0;24,0,4;1
0;26,0,4;2
0;28,0,4;3
0;30,0,4;1
0;31,0,4;2
0;32,0,4;1
0;33,0,4;2
1;34,0,4;36,0,4;0
0;38,0,4;3
0;40,0,4;2
0;42,0,4;1
0;44,0,4;0
1;46,0,4;48,0,4;3
1;50,0,4;52,0,4;0
0;54,0,4;1
0;54,0,4;2
0;56,0,4;1
0;56,0,4;2
1;58,0,4;64,0,4;1
1;58,0,4;64,0,4;2
0;70,0,4;0
0;74,0,4;3
0;76,0,4;2
0;78,0,4;1
0;82,0,4;2
0;84,0,4;3
0;86,0,4;2
0;87,0,4;1
0;88,0,4;2
0;90,0,4;1
0;91,0,4;2
0;92,0,4;1
0;94,0,4;3
0;96,0,4;0
0;98,0,4;3
0;102,0,4;0
0;103,0,4;1
0;104,0,4;2
0;106,0,4;1
0;107,0,4;2
0;108,0,4;3
0;110,0,4;3
0;111,0,4;2
0;112,0,4;1
0;114,0,4;2
0;115,0,4;1
0;116,0,4;0
1;118,0,4;120,0,4;2
1;122,0,4;124,0,4;1
1;126,0,4;127,0,4;0
1;128,0,4;129,0,4;1
1;130,0,4;131,0,4;2
1;132,0,4;133,0,4;3
0;134,0,4;1
0;134,3,4;2
0;135,2,4;1
0;138,0,4;0
0;140,0,4;1
0;142,0,4;2
0;144,0,4;3
0;146,0,4;1
0;147,0,4;2
0;148,0,4;1
0;149,0,4;2
1;150,0,4;152,0,4;0
0;154,0,4;3
0;156,0,4;2
0;158,0,4;1
0;160,0,4;0
1;162,0,4;164,0,4;3
1;166,0,4;168,0,4;0
0;170,0,4;1
0;171,0,4;2
0;172,0,4;1
0;174,0,4;3
0;175,0,4;0
0;176,0,4;3
0;178,0,4;0
0;179,0,4;1
0;180,0,4;2
0;181,0,4;3
1;182,0,4;184,0,4;0
0;186,0,4;2
0;187,0,4;1
0;188,0,4;2
0;190,0,4;0
0;191,0,4;3
0;192,0,4;0
1;194,0,4;196,0,4;2
1;198,0,4;200,0,4;1
0;202,0,4;0
0;202,0,4;3
0;204,0,4;0
0;204,0,4;3
1;206,0,4;211,0,4;0
1;206,0,4;211,0,4;3
0;212,0,4;1
0;212,3,4;2
0;213,2,4;3
