bpm,143.0
offset,343
0;6,0,4;0
0;6,0,4;1
0;6,2,4;2
0;7,0,4;0
0;7,0,4;2
0;7,2,4;1
0;7,3,4;3
0;8,0,4;0
0;8,2,4;2
0;9,0,4;0
0;9,0,4;1
0;9,2,4;2
0;9,3,4;3
0;10,0,4;0
0;10,2,4;2
0;11,0,4;0
0;11,0,4;2
0;11,2,4;1
0;11,3,4;3
0;12,0,4;0
0;12,2,4;2
0;13,0,4;0
0;13,0,4;1
0;13,2,4;2
0;13,3,4;3
0;14,0,4;0
0;14,2,4;2
0;15,0,4;0
0;15,0,4;2
0;15,2,4;1
0;15,3,4;3
0;16,0,4;0
0;16,2,4;2
0;17,0,4;0
0;17,0,4;1
0;17,2,4;2
0;17,3,4;3
1;18,0,4;21,2,4;0
1;18,2,4;21,0,4;1
1;19,0,4;20,2,4;2
1;19,2,4;20,0,4;3
0;20,2,4;3
0;21,0,4;2
0;21,2,4;1
0;22,0,4;0
0;22,0,4;3
0;22,2,4;1
1;22,3,4;23,1,4;3
0;23,0,4;0
0;23,2,4;2
0;24,0,4;0
0;24,0,4;3
0;24,2,4;2
1;24,3,4;25,1,4;0
0;25,0,4;3
0;25,2,4;1
0;26,0,4;0
0;26,0,4;3
0;26,2,4;1
1;26,3,4;27,1,4;3
0;27,0,4;0
0;27,2,4;2
0;28,0,4;0
0;28,0,4;2
0;28,2,4;1
0;29,0,4;0
0;29,0,4;2
0;29,2,4;3
1;30,0,4;31,0,4;1
0;30,0,4;2
1;31,0,4;32,0,4;0
0;31,0,4;2
0;32,0,4;1
1;32,0,4;33,0,4;3
0;33,0,4;1
1;33,0,4;34,0,4;2
0;34,0,4;0
0;34,0,4;3
0;34,3,4;0
0;35,0,4;1
0;35,0,4;2
0;35,2,4;3
0;36,0,4;0
0;36,0,4;2
0;36,2,4;3
0;37,0,4;0
0;37,0,4;2
0;37,2,4;1
0;38,0,4;0
0;38,0,4;3
0;38,2,4;1
1;38,3,4;39,1,4;3
0;39,0,4;0
0;39,2,4;2
0;40,0,4;0
0;40,0,4;3
0;40,2,4;2
1;40,3,4;41,1,4;0
0;41,0,4;3
0;41,2,4;1
0;42,0,4;0
0;42,0,4;3
0;42,2,4;1
1;42,3,4;43,1,4;3
0;43,0,4;0
0;43,2,4;2
0;44,0,4;0
0;44,0,4;2
0;44,2,4;1
0;45,0,4;0
0;45,0,4;2
0;45,2,4;3
0;46,0,4;0
0;46,0,4;2
0;46,2,4;1
0;46,3,4;2
0;47,0,4;0
0;47,1,4;1
0;47,2,4;3
0;48,0,4;1
0;48,1,4;2
0;48,2,4;0
0;48,3,4;1
0;49,0,4;3
0;49,2,4;0
0;49,3,4;1
0;50,0,4;2
0;50,0,4;3
0;50,2,4;1
0;50,3,4;2
0;51,0,4;0
0;51,1,4;2
0;51,2,4;3
0;52,0,4;1
0;52,1,4;2
0;52,2,4;0
0;52,3,4;2
0;53,0,4;3
0;53,2,4;2
0;53,3,4;1
0;54,0,4;0
0;54,0,4;3
0;54,2,4;1
1;54,3,4;55,1,4;3
0;55,0,4;0
0;55,2,4;2
0;56,0,4;0
0;56,0,4;3
0;56,2,4;2
1;56,3,4;57,1,4;0
0;57,0,4;3
0;57,2,4;1
0;58,0,4;0
0;58,0,4;3
0;58,2,4;2
0;59,0,4;0
0;59,0,4;2
0;59,2,4;1
0;59,3,4;3
0;60,0,4;0
0;60,2,4;2
0;61,0,4;0
0;61,0,4;1
0;61,2,4;2
0;61,3,4;3
0;62,0,4;0
0;62,2,4;2
0;63,0,4;0
0;63,0,4;2
0;63,2,4;1
0;63,3,4;3
0;64,0,4;0
0;64,2,4;2
0;65,0,4;0
0;65,0,4;1
0;65,2,4;0
0;65,2,4;1
0;65,3,4;2
1;66,0,4;67,2,4;3
1;66,2,4;68,0,4;2
1;67,0,4;68,2,4;1
1;67,2,4;69,0,4;0
0;68,2,4;3
0;68,3,4;2
0;69,0,4;1
0;69,1,4;2
0;69,2,4;3
1;70,0,4;71,2,4;0
0;70,0,4;1
0;72,0,4;2
0;72,2,4;1
0;73,0,4;2
0;73,2,4;3
1;74,0,4;75,0,4;2
0;76,0,4;2
0;76,2,4;1
0;77,0,4;0
0;77,2,4;1
1;78,0,4;79,0,4;2
0;80,0,4;1
0;80,2,4;2
0;81,0,4;3
0;81,2,4;2
0;82,0,4;1
0;82,2,4;0
0;83,0,4;2
0;83,2,4;3
0;84,0,4;0
1;84,0,4;85,0,4;2
0;85,0,4;0
0;86,0,4;0
0;86,0,4;2
0;86,0,4;3
0;86,3,4;3
0;87,0,4;0
0;87,2,4;3
0;88,0,4;0
0;88,0,4;2
0;88,3,4;2
0;89,0,4;0
0;89,2,4;2
0;90,0,4;0
0;90,0,4;1
0;90,0,4;3
0;90,3,4;1
0;91,0,4;3
0;91,2,4;1
0;92,0,4;0
0;92,0,4;3
0;92,3,4;0
0;93,0,4;3
0;93,2,4;0
0;94,0,4;1
0;94,0,4;2
0;94,0,4;3
0;94,3,4;3
0;95,0,4;1
0;95,2,4;3
0;96,0,4;0
0;96,0,4;1
0;96,0,4;2
0;96,3,4;0
0;97,0,4;2
0;97,2,4;0
0;98,0,4;1
0;98,0,4;2
0;98,0,4;3
0;98,3,4;1
0;99,0,4;3
0;99,2,4;1
0;100,0,4;0
0;100,0,4;2
0;100,3,4;2
0;101,0,4;0
0;101,2,4;2
0;102,0,4;0
0;102,0,4;1
0;102,2,4;3
0;102,3,4;2
0;103,0,4;0
0;103,1,4;2
0;103,2,4;1
0;104,0,4;0
0;104,2,4;3
0;105,0,4;0
0;105,0,4;2
0;105,2,4;1
1;106,0,4;107,0,4;0
0;106,0,4;3
0;107,0,4;2
0;107,0,4;3
0;107,2,4;1
1;107,3,4;109,0,4;3
0;108,0,4;0
0;109,0,4;0
0;109,2,4;1
0;109,3,4;2
0;110,0,4;0
0;110,0,4;3
0;110,2,4;2
0;111,0,4;0
0;111,0,4;2
0;111,2,4;1
0;112,0,4;0
0;112,0,4;3
0;112,1,4;2
1;112,3,4;113,2,4;1
0;113,0,4;3
0;113,2,4;0
0;114,0,4;2
0;114,0,4;3
0;114,3,4;1
0;115,0,4;3
0;115,2,4;0
1;116,0,4;117,0,4;1
0;116,0,4;3
0;117,0,4;3
0;118,0,4;0
0;118,0,4;3
0;118,2,4;1
0;118,3,4;2
0;119,0,4;0
0;119,1,4;2
0;119,2,4;3
0;120,0,4;0
0;120,2,4;1
0;121,0,4;0
0;121,0,4;2
0;121,2,4;3
0;122,0,4;0
0;122,0,4;2
0;123,0,4;0
0;123,0,4;1
0;123,2,4;2
1;123,3,4;125,0,4;0
0;124,0,4;3
0;125,0,4;3
0;125,2,4;2
1;126,0,4;127,0,4;1
0;126,0,4;3
0;127,0,4;0
0;127,0,4;3
0;127,2,4;2
0;128,0,4;0
0;128,0,4;3
0;128,2,4;1
1;128,3,4;129,2,4;3
0;129,0,4;0
0;129,2,4;1
0;130,0,4;0
1;130,0,4;131,1,4;2
0;131,0,4;0
0;131,2,4;1
0;131,3,4;2
1;132,0,4;132,2,4;0
0;132,0,4;3
1;132,2,4;133,0,4;1
1;133,0,4;133,2,4;2
1;133,2,4;134,0,4;3
1;134,0,4;134,2,4;0
1;134,3,4;135,1,4;2
1;135,2,4;136,0,4;0
0;136,2,4;3
0;137,0,4;2
0;137,2,4;1
0;138,0,4;0
0;138,0,4;3
0;138,2,4;1
1;138,3,4;139,1,4;3
0;139,0,4;0
0;139,2,4;2
0;140,0,4;0
0;140,0,4;3
0;140,2,4;2
1;140,3,4;141,1,4;0
0;141,0,4;3
0;141,2,4;1
0;142,0,4;0
0;142,0,4;3
0;142,2,4;1
1;142,3,4;143,1,4;3
0;143,0,4;0
0;143,2,4;2
0;144,0,4;0
0;144,0,4;2
0;144,2,4;1
0;145,0,4;0
0;145,0,4;2
0;145,2,4;3
1;146,0,4;147,0,4;1
0;146,0,4;2
1;147,0,4;148,0,4;0
0;147,0,4;2
0;147,0,4;3
0;148,0,4;1
1;148,0,4;149,0,4;3
0;149,0,4;0
0;149,0,4;1
1;149,0,4;150,0,4;2
0;150,0,4;0
0;150,0,4;3
0;150,3,4;0
0;151,0,4;3
0;151,2,4;1
0;152,0,4;2
0;152,1,4;3
0;152,2,4;1
0;152,3,4;2
0;153,0,4;0
0;153,0,4;3
0;153,2,4;1
0;153,2,4;2
0;154,0,288;0
0;154,0,288;3
0;154,144,288;2
1;154,216,288;155,72,288;0
0;155,0,288;3
0;155,144,288;1
0;156,0,288;0
0;156,0,288;3
0;156,144,288;1
1;156,216,288;157,72,288;3
0;157,0,288;0
0;157,144,288;2
0;158,0,288;0
0;158,0,288;3
0;158,144,288;2
1;158,216,288;159,72,288;0
0;159,0,288;3
0;159,144,288;2
0;160,0,288;0
0;160,0,288;2
0;160,144,288;1
0;161,0,288;0
0;161,0,288;2
0;161,144,288;3
0;162,0,4;0
0;162,0,4;2
0;162,2,4;1
0;162,3,4;2
0;163,0,4;0
0;163,1,4;1
0;163,2,4;3
0;164,0,4;1
0;164,1,4;2
0;164,2,4;0
0;164,3,4;1
0;165,0,4;3
0;165,2,4;1
0;165,3,4;2
1;166,0,4;166,2,4;0
0;166,0,4;3
0;166,2,4;2
1;167,0,4;167,2,4;1
0;167,0,4;3
0;167,2,4;2
1;168,0,4;168,2,4;0
0;168,0,4;3
1;168,2,4;169,0,4;1
1;169,0,4;169,2,4;2
1;169,2,4;170,0,4;3
0;170,0,288;0
0;170,0,4;2
0;170,2,4;1
0;170,3,4;2
0;171,0,288;0
0;171,0,4;3
0;171,1,4;2
0;171,2,4;1
0;171,3,4;2
0;172,0,288;0
0;172,0,288;3
0;172,3,4;2
0;173,0,4;0
0;173,144,288;1
1;174,0,4;175,2,4;0
0;174,0,4;3
0;175,0,4;2
0;175,0,4;3
0;175,2,4;1
0;175,3,4;2
0;176,0,288;0
1;176,0,4;177,2,4;3
0;177,0,4;0
0;177,0,4;1
1;178,0,4;179,2,4;0
0;178,0,4;2
0;179,0,4;2
0;179,0,4;3
0;180,0,4;2
0;180,0,4;3
0;180,1,4;0
0;180,2,4;1
0;180,3,4;2
0;181,0,4;0
0;181,0,4;3
0;181,1,4;2
0;181,2,4;1
0;181,3,4;0
0;182,0,4;1
1;182,0,4;183,2,4;3
0;183,0,4;0
0;183,0,4;1
1;184,0,4;185,2,4;0
0;184,0,4;2
0;184,1,4;3
0;184,3,4;2
0;185,0,4;1
0;185,2,4;2
0;186,0,4;1
1;186,0,4;188,0,4;3
0;187,0,4;0
0;187,0,4;1
0;188,0,4;1
1;188,0,4;190,0,4;2
0;189,0,4;0
0;189,0,4;1
1;190,0,4;192,0,4;1
0;190,0,4;3
0;191,0,4;0
0;191,0,4;3
0;192,0,4;2
0;192,0,4;3
0;192,2,4;1
0;193,0,4;0
0;193,0,4;3
0;193,2,4;1
0;193,3,4;2
0;194,0,288;0
0;194,0,288;3
0;194,144,288;1
0;194,216,288;2
0;195,0,288;0
0;195,0,4;3
0;195,72,288;1
0;195,144,288;2
0;196,0,288;1
0;196,72,288;2
0;196,144,288;1
0;196,216,288;2
0;197,0,288;0
0;197,0,4;3
0;197,144,288;1
0;197,216,288;2
0;198,0,288;0
0;198,0,288;3
0;198,144,288;2
0;198,216,288;1
0;199,0,4;0
0;199,0,288;3
0;199,72,288;2
0;199,144,288;1
0;200,0,288;2
0;200,72,288;1
0;200,144,288;2
0;200,216,288;1
0;201,0,288;0
0;201,0,4;3
0;201,2,4;2
0;201,3,4;1
0;202,0,4;0
0;202,0,4;3
0;202,2,4;1
1;202,3,4;203,1,4;3
0;203,0,4;0
0;203,2,4;1
0;204,0,4;0
0;204,0,4;3
0;204,2,4;2
1;204,3,4;205,1,4;0
0;205,0,4;3
0;205,2,4;2
0;206,0,4;0
0;206,0,4;1
0;206,2,4;2
0;207,0,4;0
0;207,0,4;2
0;207,2,4;1
0;207,3,4;3
0;208,0,4;0
0;208,2,4;2
0;209,0,4;0
0;209,0,4;1
0;209,2,4;2
0;209,3,4;3
0;210,0,4;0
0;210,2,4;2
0;211,0,4;0
0;211,0,4;2
0;211,2,4;1
0;211,3,4;3
1;212,0,4;212,2,4;0
1;212,0,4;212,2,4;2
1;212,3,4;213,1,4;1
1;212,3,4;213,1,4;3
0;213,2,4;0
0;213,2,4;2
0;213,2,4;3
