bpm,143.0
offset,343
0;6,0,4;0
0;7,0,4;0
0;8,0,4;0
0;9,0,4;0
0;10,0,4;1
0;11,0,4;1
0;12,0,4;1
0;13,0,4;1
0;14,0,4;2
0;15,0,4;2
0;16,0,4;2
0;17,0,4;2
0;18,0,4;0
0;18,0,4;3
0;20,2,4;3
0;21,0,4;2
0;21,2,4;1
0;22,0,4;0
0;22,0,4;3
0;22,2,4;2
0;22,3,4;0
0;23,2,4;1
0;24,0,4;3
0;24,2,4;1
0;24,3,4;3
0;25,2,4;2
0;26,0,4;0
0;26,2,4;2
0;26,3,4;0
0;27,2,4;1
0;28,0,4;2
0;28,2,4;3
0;29,0,4;0
0;29,2,4;1
1;30,0,4;31,0,4;2
1;31,0,4;32,0,4;0
1;32,0,4;33,0,4;3
1;33,0,4;34,0,4;1
0;34,0,4;2
0;34,3,4;2
0;35,2,4;3
0;36,2,4;3
0;37,0,4;2
0;37,2,4;1
0;38,0,4;0
0;38,2,4;2
0;38,3,4;0
0;39,2,4;1
0;40,0,4;3
0;40,2,4;1
0;40,3,4;3
0;41,2,4;2
0;42,0,4;0
0;42,2,4;2
0;42,3,4;0
0;43,2,4;0
0;44,0,4;0
0;44,2,4;1
0;45,0,4;2
0;45,2,4;3
1;46,0,4;47,0,4;1
0;48,0,4;0
0;48,2,4;1
0;49,0,4;2
0;49,2,4;3
1;50,0,4;51,0,4;1
1;51,0,4;52,0,4;0
1;52,0,4;53,0,4;2
1;53,0,4;54,0,4;3
0;54,0,4;0
0;54,2,4;2
0;54,3,4;0
0;55,2,4;1
0;56,0,4;3
0;56,2,4;1
0;56,3,4;3
0;57,2,4;2
0;58,0,4;0
0;58,2,4;2
1;58,3,4;64,0,4;0
0;70,0,4;2
0;70,0,4;3
0;70,2,4;0
0;71,0,4;1
0;71,2,4;2
0;72,0,4;3
0;74,0,4;0
0;74,0,4;3
0;74,2,4;1
0;75,0,4;2
0;75,2,4;3
0;76,0,4;0
0;76,0,4;1
0;78,0,4;2
0;78,0,4;3
0;78,2,4;0
0;79,0,4;1
0;79,2,4;2
0;80,0,4;3
0;82,0,4;0
0;82,0,4;3
0;82,2,4;1
0;83,0,4;2
0;83,2,4;3
0;84,0,4;1
0;84,0,4;2
0;85,0,4;0
0;85,0,4;1
0;86,0,4;0
1;86,0,4;87,2,4;3
0;88,0,4;0
0;88,2,4;1
0;89,0,4;2
0;89,2,4;1
1;90,0,4;91,0,4;0
0;90,0,4;3
0;92,0,4;3
0;92,2,4;2
0;93,0,4;1
0;93,2,4;2
0;94,0,4;0
1;94,0,4;95,0,4;3
1;95,0,4;96,0,4;1
0;96,0,4;2
0;96,0,4;3
0;96,2,4;1
0;97,0,4;0
0;97,2,4;1
1;98,0,4;99,0,4;2
0;98,0,4;3
0;99,2,4;0
1;100,0,4;101,0,4;0
0;102,0,4;1
0;102,2,4;2
0;103,0,4;3
0;103,2,4;1
0;104,0,4;0
0;104,2,4;2
0;105,0,4;1
0;105,2,4;3
0;106,0,4;0
0;106,2,4;1
0;107,0,4;3
0;107,2,4;1
0;108,0,4;0
0;108,2,4;3
0;109,0,4;0
0;109,2,4;2
0;110,0,4;1
0;110,2,4;2
0;111,0,4;3
0;111,2,4;0
0;112,0,4;1
0;112,2,4;3
0;113,0,4;2
0;113,2,4;3
0;114,0,4;0
0;114,2,4;1
0;115,0,4;2
0;115,2,4;3
0;116,0,4;1
0;116,2,4;2
0;117,0,4;1
0;117,2,4;0
0;118,0,4;3
0;118,2,4;2
0;119,0,4;1
0;119,2,4;0
0;120,0,4;2
0;120,2,4;1
0;121,0,4;2
0;121,2,4;3
0;122,0,4;1
0;122,2,4;2
0;123,0,4;0
0;123,2,4;1
0;124,0,4;2
0;124,2,4;3
0;125,0,4;2
0;125,2,4;1
1;126,0,4;128,0,4;0
1;128,0,4;130,0,4;3
1;130,0,4;132,0,4;1
1;132,0,4;134,0,4;2
1;134,0,4;134,2,4;0
1;134,3,4;135,1,4;3
1;135,2,4;136,0,4;0
0;136,2,4;3
0;137,0,4;2
0;137,2,4;1
0;138,0,288;0
0;138,0,288;3
0;138,144,288;2
0;138,216,288;0
0;139,144,288;1
0;140,0,288;3
0;140,144,288;1
0;140,216,288;3
0;141,144,288;2
0;142,0,288;0
0;142,144,288;2
0;142,216,288;0
0;143,144,288;1
0;144,0,288;2
0;144,144,288;3
0;145,0,288;0
0;145,144,288;1
1;146,0,288;147,0,288;2
1;147,0,288;148,0,288;0
1;148,0,288;149,0,288;3
1;149,0,288;150,0,288;1
0;150,0,288;2
0;150,216,288;2
0;151,144,288;3
0;152,144,288;3
0;153,0,288;2
0;153,144,288;1
0;154,0,288;0
0;154,144,288;2
0;154,216,288;0
0;155,144,288;1
0;156,0,288;3
0;156,144,288;1
0;156,216,288;3
0;157,144,288;2
0;158,0,288;0
0;158,144,288;2
0;158,216,288;0
0;159,144,288;0
0;160,0,288;0
0;160,144,288;1
0;161,0,288;2
0;161,144,288;3
1;162,0,288;163,0,288;1
0;164,0,288;0
0;164,144,288;1
0;165,0,288;2
0;165,144,288;3
0;166,0,4;2
0;166,3,4;1
0;167,2,4;0
0;168,144,288;3
0;169,0,288;2
0;169,144,288;1
0;170,0,288;0
0;170,0,288;3
0;170,144,288;2
1;170,3,4;171,2,4;0
0;171,2,4;3
0;172,0,288;3
0;172,144,288;1
1;172,3,4;173,2,4;3
0;173,2,4;0
0;174,0,288;0
0;174,144,288;2
1;174,3,4;175,2,4;0
0;175,2,4;2
0;176,0,288;2
0;176,2,4;0
0;177,0,288;3
0;177,144,288;0
0;178,0,4;1
1;178,0,288;179,0,288;2
1;179,0,288;180,0,288;0
1;180,0,288;181,0,288;3
1;181,0,288;182,0,288;1
0;182,0,288;2
0;182,216,288;2
0;183,144,288;3
0;184,144,288;3
0;185,0,288;2
0;185,144,288;1
0;186,0,288;0
0;186,0,4;3
0;186,144,288;2
1;186,3,4;187,2,4;0
0;187,2,4;3
0;188,0,288;3
0;188,144,288;1
1;188,3,4;189,2,4;3
0;189,144,288;0
0;190,0,288;0
0;190,144,288;2
1;190,3,4;191,2,4;0
0;191,2,4;2
0;192,0,4;2
0;192,144,288;0
0;193,0,288;1
0;193,144,288;2
1;194,0,288;195,0,288;0
0;194,0,4;3
0;196,0,288;0
0;196,144,288;1
0;197,0,288;2
0;197,144,288;3
1;198,0,288;199,0,288;1
0;198,0,4;2
1;199,0,288;200,0,288;0
1;200,0,288;201,0,288;2
1;201,0,288;202,0,288;3
0;202,0,288;0
0;202,0,4;2
0;202,144,288;1
1;202,3,4;203,2,4;3
0;203,2,4;2
0;204,0,4;1
0;204,0,288;3
0;204,2,4;2
1;204,3,4;205,2,4;0
0;205,2,4;1
0;206,0,288;0
0;206,0,4;2
0;206,144,288;1
1;206,216,288;212,0,288;3
0;212,0,4;0
0;212,0,4;1
0;212,3,4;2
0;212,3,4;3
0;213,2,4;1
0;213,2,4;2
